profundidad 2

7 7 7 7 7 7 7 7

4 -1 -3 -4 -3 -1 0 1 4 -2 -3 -2 0 1 3 2 4 -1 0 2 3 4 3 1 4 1 3 4 4 3 2 0 -1 4 2 3 1 0 -2 -3 -2 4 1 1 0 -1 -3 -4 -3 -1 4 4 






15 2 -3 -1 -6 -9 -3 -6 -4 -13 -7 -12 -15 -9 -12 1 -8 -2 -3 -10 -4 -7 4 -5 1 -4 -3 -1 -4 -2 -11 -5 -10 -13 -3 -10 1 -8 -2 -7 -10 -4 -3 -6 -15 -9 -18 -13 -11 -14 3 -2 0 -9 -4 -2 -5 -3 -12 -6 -15 -10 -8 -11 6 -3 3 -2 -1 1 -2 1 -8 -2 -11 -2 -4 -7 -1 -10 -4 -13 -8 -2 -9 2 -7 -1 -10 -5 -3 -2 0 -9 -3 -12 -11 -1 -8 9 4 6 -3 -2 8 1 3 -6 0 -9 -8 2 -5 12 3 9 4 1 11 4 11 2 8 -1 4 10 3 1 -8 -2 -11 -10 0 -7 8 -1 5 -4 -3 7 4 -3 -12 -6 -15 -14 -8 -7 6 1 3 -6 -5 1 2 0 -9 -3 -12 -11 -5 -4 9 0 6 1 -2 4 5 8 -1 5 -4 1 3 4 2 -7 -1 -10 -9 1 -2 1 -8 -2 -11 -10 -4 1 10 1 3 2 -1 5 2 19 14 12 11 8 14 11 17 8 14 9 6 12 9 18 9 11 14 7 13 10 21 12 14 13 14 16 13 15 6 8 7 4 14 7 18 9 11 10 7 13 14 1 -4 -6 -7 -10 -4 -7 6 5 -1 -2 -5 1 -2 8 3 5 0 -3 3 0 9 4 2 5 -2 4 1 12 7 5 4 5 7 4 6 1 -1 -2 -5 5 -2 9 4 2 1 -2 4 5 3 -6 0 -5 -8 -2 -5 12 7 9 4 1 7 4 6 -3 3 -2 -5 1 -2 11 2 8 7 0 6 3 14 5 11 6 7 9 6 8 -1 5 0 -3 7 0 11 2 8 3 0 6 7 2 -7 -5 -2 -9 -3 -6 11 6 4 7 0 6 3 9 0 6 5 -2 4 1 6 -3 -1 2 -5 1 -2 13 4 6 9 6 8 5 7 -2 0 3 -4 6 -1 10 1 3 6 -1 5 6 -1 -10 -8 -9 -8 -6 -9 8 3 1 0 1 3 0 6 -3 3 -2 -1 1 -2 7 -2 0 3 0 2 -1 6 -3 -1 -2 3 1 -2 4 -5 -3 -4 -3 3 -4 7 -2 0 -1 0 2 3 5 -4 -2 -3 -6 4 -3 14 9 7 6 3 13 6 12 3 9 4 1 11 4 13 4 6 9 2 12 5 16 7 9 8 9 15 8 6 -3 -1 -2 -5 5 -2 13 4 6 5 2 12 9 2 -7 -5 -6 -9 -3 -2 11 6 4 3 0 6 7 9 0 6 1 -2 4 5 10 1 3 6 -1 5 6 13 4 6 5 6 8 9 7 -2 0 -1 -4 6 3 6 -3 -1 -2 -5 1 6 9 0 2 -3 2 4 1 18 13 11 6 11 13 10 16 7 13 4 9 11 8 21 12 14 13 14 16 13 16 7 9 4 13 11 8 14 5 7 2 7 13 6 17 8 10 5 10 12 13 0 -5 -7 -12 -7 -5 -8 5 4 -2 -7 -2 0 -3 7 2 4 -5 0 2 -1 12 7 5 4 5 7 4 7 2 0 -5 4 2 -1 5 0 -2 -7 -2 4 -3 8 3 1 -4 1 3 4 2 -7 -1 -10 -5 -3 -6 11 6 8 -1 4 6 3 5 -4 2 -7 -2 0 -3 14 5 11 6 7 9 6 9 0 6 -3 6 4 1 7 -2 4 -5 0 6 -1 10 1 7 -2 3 5 6 -3 -12 -10 -11 -10 -8 -11 6 1 -1 -2 -1 1 -2 4 -5 1 -4 -3 -1 -4 5 -4 -2 1 -2 0 -3 4 -5 -3 -4 1 -1 -4 2 -7 -5 -6 -5 1 -6 5 -4 -2 -3 -2 0 1 2 -7 -5 -10 -1 -3 -6 11 6 4 -1 8 6 3 9 0 6 -3 6 4 1 14 5 7 6 11 9 6 5 -4 -2 -7 2 0 -3 7 -2 0 -5 4 6 -1 10 1 3 -2 7 5 6 4 -5 -3 -8 -3 3 -4 13 8 6 1 6 12 5 11 2 8 -1 4 10 3 16 7 9 8 9 15 8 11 2 4 -1 8 10 3 5 -4 -2 -7 -2 4 -3 12 3 5 0 5 11 8 1 -8 -6 -11 -6 -4 -3 10 5 3 -2 3 5 6 8 -1 5 -4 1 3 4 13 4 6 5 6 8 9 8 -1 1 -4 5 3 4 6 -3 -1 -6 -1 5 2 5 -4 -2 -7 -2 0 5 3 -6 -4 -9 -8 2 -5 12 7 5 0 1 11 4 10 1 7 -2 -1 9 2 15 6 8 7 4 14 7 14 5 7 2 7 13 6 4 -5 -3 -8 -7 3 -4 11 2 4 -1 0 10 7 -6 -11 -13 -18 -17 -7 -14 -1 -2 -8 -13 -12 -2 -9 1 -4 -2 -11 -10 0 -7 6 1 -1 -2 -5 5 -2 5 0 -2 -7 -2 4 -3 -5 -10 -12 -17 -16 -6 -13 2 -3 -5 -10 -9 1 -2 -4 -13 -7 -16 -15 -5 -12 5 0 2 -7 -6 4 -3 -1 -10 -4 -13 -12 -2 -9 8 -1 5 0 -3 7 0 7 -2 4 -5 0 6 -1 -3 -12 -6 -15 -14 -4 -11 4 -5 1 -8 -7 3 0 -9 -18 -16 -17 -20 -10 -17 0 -5 -7 -8 -11 -1 -8 -2 -11 -5 -10 -13 -3 -10 -1 -10 -8 -5 -12 -2 -9 2 -7 -5 -6 -5 1 -6 -8 -17 -15 -16 -19 -9 -16 -1 -10 -8 -9 -12 -2 -5 -8 -17 -15 -20 -15 -9 -16 1 -4 -6 -11 -6 0 -7 -1 -10 -4 -13 -8 -2 -9 4 -5 -3 -4 -3 3 -4 -1 -10 -8 -13 -4 -2 -9 -7 -16 -14 -19 -14 -8 -15 0 -9 -7 -12 -7 -1 -4 2 -7 -5 -10 -9 1 -6 11 6 4 -1 0 10 3 9 0 6 -3 -2 8 1 14 5 7 6 3 13 6 13 4 6 1 6 12 5 3 -6 -4 -9 -8 2 -5 10 1 3 -2 -1 9 6 -5 -14 -12 -17 -16 -6 -9 4 -1 -3 -8 -7 3 0 2 -7 -1 -10 -9 1 -2 7 -2 0 -1 -4 6 3 6 -3 -1 -6 -1 5 2 -4 -13 -11 -16 -15 -5 -8 -1 -10 -8 -13 -12 -2 -1 6 -3 -1 -6 -5 1 2 15 10 8 3 4 10 11 13 4 10 1 2 8 9 18 9 11 10 7 13 14 17 8 10 5 10 12 13 11 2 4 -1 0 10 7 10 1 3 -2 -1 5 10 -3 -8 -10 -15 -14 -8 -7 2 1 -5 -10 -9 -3 -2 4 -1 1 -8 -7 -1 0 9 4 2 1 -2 4 5 8 3 1 -4 1 3 4 2 -3 -5 -10 -9 1 -2 1 -4 -6 -11 -10 -4 1 -1 -10 -4 -13 -12 -6 -5 8 3 5 -4 -3 3 4 2 -7 -1 -10 -9 -3 -2 11 2 8 3 0 6 7 10 1 7 -2 3 5 6 4 -5 1 -8 -7 3 0 3 -6 0 -9 -8 -2 3 -6 -15 -13 -14 -17 -11 -10 3 -2 -4 -5 -8 -2 -1 1 -8 -2 -7 -10 -4 -3 2 -7 -5 -2 -9 -3 -2 5 -4 -2 -3 -2 0 1 -1 -10 -8 -9 -12 -2 -5 -2 -11 -9 -10 -13 -7 -2 -5 -14 -12 -17 -12 -10 -9 4 -1 -3 -8 -3 -1 0 2 -7 -1 -10 -5 -3 -2 7 -2 0 -1 0 2 3 2 -7 -5 -10 -1 -3 -2 0 -9 -7 -12 -7 -1 -4 -1 -10 -8 -13 -8 -6 -1 1 -8 -6 -11 -10 0 -3 10 5 3 -2 -1 9 6 8 -1 5 -4 -3 7 4 13 4 6 5 2 12 9 12 3 5 0 5 11 8 2 -7 -5 -10 -9 1 -2 5 -4 -2 -7 -6 4 5 2 -7 -5 -10 -9 -3 2 11 6 4 -1 0 6 11 9 0 6 -3 -2 4 9 14 5 7 6 3 9 14 13 4 6 1 6 8 13 7 -2 0 -5 -4 6 7 2 -7 -5 -10 -9 -3 2 -1 -10 -8 -13 -12 -10 -5 8 3 1 -4 -3 -1 4 6 -3 3 -6 -5 -3 2 11 2 4 3 0 2 7 10 1 3 -2 3 1 6 8 -1 1 -4 -3 3 4 3 -6 -4 -9 -8 -6 3 -10 -15 -17 -22 -21 -19 -14 -5 -6 -12 -17 -16 -14 -9 -3 -8 -6 -15 -14 -12 -7 2 -3 -5 -6 -9 -7 -2 1 -4 -6 -11 -6 -8 -3 -1 -6 -8 -13 -12 -6 -5 -6 -11 -13 -18 -17 -15 -6 -8 -17 -11 -20 -19 -17 -12 1 -4 -2 -11 -10 -8 -3 -5 -14 -8 -17 -16 -14 -9 4 -5 1 -4 -7 -5 0 3 -6 0 -9 -4 -6 -1 1 -8 -2 -11 -10 -4 -3 -4 -13 -7 -16 -15 -13 -4 -13 -22 -20 -21 -24 -22 -17 -4 -9 -11 -12 -15 -13 -8 -6 -15 -9 -14 -17 -15 -10 -5 -14 -12 -9 -16 -14 -9 -2 -11 -9 -10 -9 -11 -6 -4 -13 -11 -12 -15 -9 -8 -9 -18 -16 -17 -20 -18 -9 -12 -21 -19 -24 -19 -21 -16 -3 -8 -10 -15 -10 -12 -7 -5 -14 -8 -17 -12 -14 -9 0 -9 -7 -8 -7 -9 -4 -5 -14 -12 -17 -8 -14 -9 -3 -12 -10 -15 -10 -8 -7 -8 -17 -15 -20 -15 -17 -8 -10 -19 -17 -22 -21 -15 -14 -1 -6 -8 -13 -12 -6 -5 -3 -12 -6 -15 -14 -8 -7 2 -7 -5 -6 -9 -3 -2 1 -8 -6 -11 -6 -4 -3 -5 -14 -12 -17 -16 -6 -9 -6 -15 -13 -18 -17 -11 -6 -5 -14 -12 -17 -16 -14 -5 4 -1 -3 -8 -7 -5 4 2 -7 -1 -10 -9 -7 2 7 -2 0 -1 -4 -2 7 6 -3 -1 -6 -1 -3 6 4 -5 -3 -8 -7 -1 4 -5 -14 -12 -17 -16 -14 -5 8 3 1 -4 -3 -1 4 13 12 6 1 2 4 9 15 10 12 3 4 6 11 20 15 13 12 9 11 16 19 14 12 7 12 10 15 17 12 10 5 6 12 13 12 7 5 0 1 3 12 3 2 -4 -9 -8 -6 -1 4 3 -3 -8 -7 -5 0 10 9 7 -2 -1 1 6 15 14 8 7 4 6 11 14 13 7 2 7 5 10 12 11 5 0 1 7 8 7 6 0 -5 -4 -2 7 1 -4 -2 -11 -10 -8 -3 6 5 3 -6 -5 -3 2 4 -1 1 -8 -7 -5 0 13 8 10 5 2 4 9 12 7 9 0 5 3 8 10 5 7 -2 -1 5 6 5 0 2 -7 -6 -4 5 -4 -9 -11 -12 -15 -13 -8 1 0 -6 -7 -10 -8 -3 3 -2 0 -5 -8 -6 -1 4 -1 -3 0 -7 -5 0 7 2 0 -1 0 -2 3 5 0 -2 -3 -6 0 1 0 -5 -7 -8 -11 -9 0 -3 -8 -10 -15 -10 -12 -7 2 1 -5 -10 -5 -7 -2 4 -1 1 -8 -3 -5 0 9 4 2 1 2 0 5 4 -1 -3 -8 1 -5 0 6 1 -1 -6 -1 1 2 1 -4 -6 -11 -6 -8 1 -1 -6 -8 -13 -12 -6 -5 4 3 -3 -8 -7 -1 0 6 1 3 -6 -5 1 2 11 6 4 3 0 6 7 10 5 3 -2 3 5 6 4 -1 -3 -8 -7 3 0 3 -2 -4 -9 -8 -2 3 4 -1 -3 -8 -7 -5 4 9 8 2 -3 -2 0 9 11 6 8 -1 0 2 11 16 11 9 8 5 7 16 15 10 8 3 8 6 15 13 8 6 1 2 8 13 4 -1 -3 -8 -7 -5 4 6 -3 3 -6 -5 -3 2 15 10 12 3 4 6 11 9 0 6 -3 -2 0 5 18 9 15 10 7 9 14 17 8 14 5 10 8 13 15 6 12 3 4 10 11 10 1 7 -2 -1 1 10 -3 -8 -6 -15 -14 -12 -7 2 1 -1 -10 -9 -7 -2 0 -5 -3 -12 -11 -9 -4 9 4 6 1 -2 0 5 8 3 5 -4 1 -1 4 6 1 3 -6 -5 1 2 1 -4 -2 -11 -10 -8 1 3 -6 0 -9 -8 -6 -1 12 7 9 0 1 3 8 6 -3 3 -6 -5 -3 2 15 6 12 7 4 6 11 14 5 11 2 7 5 10 12 3 9 0 1 7 8 7 -2 4 -5 -4 -2 7 -6 -15 -9 -14 -17 -15 -10 3 -2 0 -5 -8 -6 -1 -3 -12 -6 -11 -14 -12 -7 2 -7 -1 -2 -9 -7 -2 5 -4 2 -3 -2 -4 1 3 -6 0 -5 -8 -2 -1 -2 -11 -5 -10 -13 -11 -2 -5 -14 -8 -17 -12 -14 -9 4 -1 1 -8 -3 -5 0 -2 -11 -5 -14 -9 -11 -6 7 -2 4 -1 0 -2 3 2 -7 -1 -10 -1 -7 -2 4 -5 1 -8 -3 -1 0 -1 -10 -4 -13 -8 -10 -1 -3 -12 -6 -15 -14 -8 -7 6 1 3 -6 -5 1 2 0 -9 -3 -12 -11 -5 -4 9 0 6 1 -2 4 5 8 -1 5 -4 1 3 4 2 -7 -1 -10 -9 1 -2 1 -8 -2 -11 -10 -4 1 2 -7 -1 -10 -9 -7 2 11 6 8 -1 0 2 11 5 -4 2 -7 -6 -4 5 14 5 11 6 3 5 14 13 4 10 1 6 4 13 11 2 8 -1 0 6 11 2 -7 -1 -10 -9 -7 2 11 2 4 3 0 2 7 20 15 13 12 9 11 16 18 9 15 10 7 9 14 19 10 12 15 8 10 15 22 13 15 14 15 13 18 20 11 13 12 9 15 16 15 6 8 7 4 6 15 2 -3 -5 -6 -9 -7 -2 7 6 0 -1 -4 -2 3 9 4 6 1 -2 0 5 10 5 3 6 -1 1 6 13 8 6 5 6 4 9 11 6 4 3 0 6 7 6 1 -1 -2 -5 -3 6 4 -5 1 -4 -7 -5 0 13 8 10 5 2 4 9 7 -2 4 -1 -4 -2 3 12 3 9 8 1 3 8 15 6 12 7 8 6 11 13 4 10 5 2 8 9 8 -1 5 0 -3 -1 8 3 -6 -4 -1 -8 -6 -1 12 7 5 8 1 3 8 10 1 7 6 -1 1 6 7 -2 0 3 -4 -2 3 14 5 7 10 7 5 10 12 3 5 8 1 7 8 7 -2 0 3 -4 -2 7 0 -9 -7 -8 -7 -9 -4 9 4 2 1 2 0 5 7 -2 4 -1 0 -2 3 8 -1 1 4 1 -1 4 7 -2 0 -1 4 -2 3 9 0 2 1 2 4 5 4 -5 -3 -4 -3 -5 4 2 -7 -5 -6 -9 -3 -2 11 6 4 3 0 6 7 9 0 6 1 -2 4 5 10 1 3 6 -1 5 6 13 4 6 5 6 8 9 7 -2 0 -1 -4 6 3 6 -3 -1 -2 -5 1 6 7 -2 0 -1 -4 -2 7 16 11 9 8 5 7 16 14 5 11 6 3 5 14 15 6 8 11 4 6 15 18 9 11 10 11 9 18 16 7 9 8 5 11 16 7 -2 0 -1 -4 -2 7 10 1 3 -2 3 1 6 19 14 12 7 12 10 15 17 8 14 5 10 8 13 22 13 15 14 15 13 18 17 8 10 5 14 8 13 19 10 12 7 12 14 15 14 5 7 2 7 5 14 1 -4 -6 -11 -6 -8 -3 6 5 -1 -6 -1 -3 2 8 3 5 -4 1 -1 4 13 8 6 5 6 4 9 8 3 1 -4 5 -1 4 10 5 3 -2 3 5 6 5 0 -2 -7 -2 -4 5 3 -6 0 -9 -4 -6 -1 12 7 9 0 5 3 8 6 -3 3 -6 -1 -3 2 15 6 12 7 8 6 11 10 1 7 -2 7 1 6 12 3 9 0 5 7 8 7 -2 4 -5 0 -2 7 -2 -11 -9 -10 -9 -11 -6 7 2 0 -1 0 -2 3 5 -4 2 -3 -2 -4 1 6 -3 -1 2 -1 -3 2 5 -4 -2 -3 2 -4 1 7 -2 0 -1 0 2 3 2 -7 -5 -6 -5 -7 2 3 -6 -4 -9 0 -6 -1 12 7 5 0 9 3 8 10 1 7 -2 7 1 6 15 6 8 7 12 6 11 6 -3 -1 -6 3 -3 2 12 3 5 0 9 7 8 7 -2 0 -5 4 -2 7 1 -8 -6 -11 -6 -4 -3 10 5 3 -2 3 5 6 8 -1 5 -4 1 3 4 13 4 6 5 6 8 9 8 -1 1 -4 5 3 4 6 -3 -1 -6 -1 5 2 5 -4 -2 -7 -2 0 5 6 -3 -1 -6 -1 -3 6 15 10 8 3 8 6 15 13 4 10 1 6 4 13 18 9 11 10 11 9 18 13 4 6 1 10 4 13 15 6 8 3 8 10 15 6 -3 -1 -6 -1 -3 6 8 -1 1 -4 -3 3 4 17 12 10 5 6 12 13 15 6 12 3 4 10 11 20 11 13 12 9 15 16 19 10 12 7 12 14 15 13 4 6 1 2 12 9 12 3 5 0 1 7 12 -1 -6 -8 -13 -12 -6 -5 4 3 -3 -8 -7 -1 0 6 1 3 -6 -5 1 2 11 6 4 3 0 6 7 10 5 3 -2 3 5 6 4 -1 -3 -8 -7 3 0 3 -2 -4 -9 -8 -2 3 1 -8 -2 -11 -10 -4 -3 10 5 7 -2 -1 5 6 4 -5 1 -8 -7 -1 0 13 4 10 5 2 8 9 12 3 9 0 5 7 8 6 -3 3 -6 -5 5 2 5 -4 2 -7 -6 0 5 -4 -13 -11 -12 -15 -9 -8 5 0 -2 -3 -6 0 1 3 -6 0 -5 -8 -2 -1 4 -5 -3 0 -7 -1 0 7 -2 0 -1 0 2 3 1 -8 -6 -7 -10 0 -3 0 -9 -7 -8 -11 -5 0 -3 -12 -10 -15 -10 -8 -7 6 1 -1 -6 -1 1 2 4 -5 1 -8 -3 -1 0 9 0 2 1 2 4 5 4 -5 -3 -8 1 -1 0 2 -7 -5 -10 -5 1 -2 1 -8 -6 -11 -6 -4 1 3 -6 -4 -9 -8 2 -1 12 7 5 0 1 11 8 10 1 7 -2 -1 9 6 15 6 8 7 4 14 11 14 5 7 2 7 13 10 4 -5 -3 -8 -7 3 0 7 -2 0 -5 -4 6 7 4 -5 -3 -8 -7 -1 4 13 8 6 1 2 8 13 11 2 8 -1 0 6 11 16 7 9 8 5 11 16 15 6 8 3 8 10 15 9 0 2 -3 -2 8 9 4 -5 -3 -8 -7 -1 4 3 -6 -4 -9 -8 -6 3 12 7 5 0 1 3 12 10 1 7 -2 -1 1 10 15 6 8 7 4 6 15 14 5 7 2 7 5 14 12 3 5 0 1 7 12 3 -6 -4 -9 -8 -6 3 -6 -11 -13 -18 -17 -15 -6 -1 -2 -8 -13 -12 -10 -1 1 -4 -2 -11 -10 -8 1 6 1 -1 -2 -5 -3 6 5 0 -2 -7 -2 -4 5 3 -2 -4 -9 -8 -2 3 -6 -11 -13 -18 -17 -15 -6 -4 -13 -7 -16 -15 -13 -4 5 0 2 -7 -6 -4 5 -1 -10 -4 -13 -12 -10 -1 8 -1 5 0 -3 -1 8 7 -2 4 -5 0 -2 7 5 -4 2 -7 -6 0 5 -4 -13 -7 -16 -15 -13 -4 -9 -18 -16 -17 -20 -18 -9 0 -5 -7 -8 -11 -9 0 -2 -11 -5 -10 -13 -11 -2 -1 -10 -8 -5 -12 -10 -1 2 -7 -5 -6 -5 -7 2 0 -9 -7 -8 -11 -5 0 -9 -18 -16 -17 -20 -18 -9 -8 -17 -15 -20 -15 -17 -8 1 -4 -6 -11 -6 -8 1 -1 -10 -4 -13 -8 -10 -1 4 -5 -3 -4 -3 -5 4 -1 -10 -8 -13 -4 -10 -1 1 -8 -6 -11 -6 -4 1 -8 -17 -15 -20 -15 -17 -8 -6 -15 -13 -18 -17 -11 -6 3 -2 -4 -9 -8 -2 3 1 -8 -2 -11 -10 -4 1 6 -3 -1 -2 -5 1 6 5 -4 -2 -7 -2 0 5 -1 -10 -8 -13 -12 -2 -1 -6 -15 -13 -18 -17 -11 -6 3 -6 -4 -9 -8 -6 3 12 7 5 0 1 3 12 10 1 7 -2 -1 1 10 15 6 8 7 4 6 15 14 5 7 2 7 5 14 12 3 5 0 1 7 12 3 -6 -4 -9 -8 -6 3 8 3 1 -4 -3 -1 0 13 12 6 1 2 4 5 15 10 12 3 4 6 7 20 15 13 12 9 11 12 19 14 12 7 12 10 11 17 12 10 5 6 12 9 16 11 9 4 5 7 12 3 2 -4 -9 -8 -6 -5 4 3 -3 -8 -7 -5 -4 10 9 7 -2 -1 1 2 15 14 8 7 4 6 7 14 13 7 2 7 5 6 12 11 5 0 1 7 4 11 10 4 -1 0 2 7 1 -4 -2 -11 -10 -8 -7 6 5 3 -6 -5 -3 -2 4 -1 1 -8 -7 -5 -4 13 8 10 5 2 4 5 12 7 9 0 5 3 4 10 5 7 -2 -1 5 2 9 4 6 -3 -2 0 5 -4 -9 -11 -12 -15 -13 -12 1 0 -6 -7 -10 -8 -7 3 -2 0 -5 -8 -6 -5 4 -1 -3 0 -7 -5 -4 7 2 0 -1 0 -2 -1 5 0 -2 -3 -6 0 -3 4 -1 -3 -4 -7 -5 0 -3 -8 -10 -15 -10 -12 -11 2 1 -5 -10 -5 -7 -6 4 -1 1 -8 -3 -5 -4 9 4 2 1 2 0 1 4 -1 -3 -8 1 -5 -4 6 1 -1 -6 -1 1 -2 5 0 -2 -7 -2 -4 1 -1 -6 -8 -13 -12 -6 -9 4 3 -3 -8 -7 -1 -4 6 1 3 -6 -5 1 -2 11 6 4 3 0 6 3 10 5 3 -2 3 5 2 4 -1 -3 -8 -7 3 -4 7 2 0 -5 -4 2 3 0 -5 -7 -12 -11 -9 -4 5 4 -2 -7 -6 -4 1 7 2 4 -5 -4 -2 3 12 7 5 4 1 3 8 11 6 4 -1 4 2 7 9 4 2 -3 -2 4 5 4 -1 -3 -8 -7 -5 4 13 12 6 1 2 4 5 -1e+08 8 -1 -3 0 -3 -1 0 17 12 6 9 6 8 9 19 10 12 11 8 10 11 16 7 5 12 5 7 8 19 10 8 11 12 10 11 17 8 6 9 6 12 9 16 7 5 8 5 7 12 -1 -6 -12 -9 -12 -10 -9 4 3 -7 -4 -7 -5 -4 10 5 3 2 -1 1 2 7 2 -4 3 -4 -2 -1 10 5 -1 2 3 1 2 8 3 -3 0 -3 3 0 7 2 -4 -1 -4 -2 3 -3 -12 -10 -11 -14 -12 -11 6 1 -1 -2 -5 -3 -2 4 -5 1 -4 -7 -5 -4 5 -4 -2 1 -6 -4 -3 8 -1 1 0 1 -1 0 6 -3 -1 -2 -5 1 -2 5 -4 -2 -3 -6 -4 1 0 -9 -11 -4 -11 -9 -8 9 4 -2 5 -2 0 1 11 2 4 7 0 2 3 4 -5 -7 0 -7 -5 -4 11 2 0 7 4 2 3 9 0 -2 5 -2 4 1 8 -1 -3 4 -3 -1 4 -3 -12 -14 -11 -10 -12 -11 6 1 -5 -2 -1 -3 -2 8 -1 1 0 1 -1 0 5 -4 -6 1 -2 -4 -3 4 -5 -7 -4 1 -5 -4 6 -3 -5 -2 -1 1 -2 5 -4 -6 -3 -2 -4 1 -1 -10 -12 -9 -12 -6 -9 8 3 -3 0 -3 3 0 10 1 3 2 -1 5 2 7 -2 -4 3 -4 2 -1 10 1 -1 2 3 5 2 4 -5 -7 -4 -7 3 -4 7 -2 -4 -1 -4 2 3 0 -9 -11 -8 -11 -9 -4 9 4 -2 1 -2 0 5 11 2 4 3 0 2 7 8 -1 -3 4 -3 -1 4 11 2 0 3 4 2 7 9 0 -2 1 -2 4 5 4 -5 -7 -4 -7 -5 4 17 12 6 9 6 8 9 22 21 11 14 11 13 14 28 23 21 20 17 19 20 25 20 14 21 14 16 17 28 23 17 20 21 19 20 26 21 15 18 15 21 18 25 20 14 17 14 16 21 12 11 1 4 1 3 4 13 12 2 5 2 4 5 23 22 16 15 12 14 15 20 19 9 16 9 11 12 23 22 12 15 16 14 15 21 20 10 13 10 16 13 20 19 9 12 9 11 16 6 1 -1 -2 -5 -3 -2 11 10 4 3 0 2 3 13 8 10 5 2 4 5 14 9 7 10 3 5 6 17 12 10 9 10 8 9 15 10 8 7 4 10 7 14 9 7 6 3 5 10 9 4 -2 5 -2 0 1 14 13 3 10 3 5 6 20 15 13 16 9 11 12 13 8 2 9 2 4 5 20 15 9 16 13 11 12 18 13 7 14 7 13 10 17 12 6 13 6 8 13 6 1 -5 -2 -1 -3 -2 11 10 0 3 4 2 3 17 12 10 9 10 8 9 14 9 3 10 7 5 6 13 8 2 5 10 4 5 15 10 4 7 8 10 7 14 9 3 6 7 5 10 8 3 -3 0 -3 3 0 13 12 2 5 2 8 5 19 14 12 11 8 14 11 16 11 5 12 5 11 8 19 14 8 11 12 14 11 13 8 2 5 2 12 5 16 11 5 8 5 11 12 9 4 -2 1 -2 0 5 14 13 3 6 3 5 10 20 15 13 12 9 11 16 17 12 6 13 6 8 13 20 15 9 12 13 11 16 18 13 7 10 7 13 14 13 8 2 5 2 4 13 19 10 12 11 8 10 11 28 23 21 20 17 19 20 26 17 23 18 15 17 18 27 18 20 23 16 18 19 30 21 23 22 23 21 22 28 19 21 20 17 23 20 27 18 20 19 16 18 23 10 5 3 2 -1 1 2 15 14 8 7 4 6 7 17 12 14 9 6 8 9 18 13 11 14 7 9 10 21 16 14 13 14 12 13 19 14 12 11 8 14 11 18 13 11 10 7 9 14 12 3 9 4 1 3 4 21 16 18 13 10 12 13 15 6 12 7 4 6 7 20 11 17 16 9 11 12 23 14 20 15 16 14 15 21 12 18 13 10 16 13 20 11 17 12 9 11 16 11 2 4 7 0 2 3 20 15 13 16 9 11 12 18 9 15 14 7 9 10 15 6 8 11 4 6 7 22 13 15 18 15 13 14 20 11 13 16 9 15 12 19 10 12 15 8 10 15 8 -1 1 0 1 -1 0 17 12 10 9 10 8 9 15 6 12 7 8 6 7 16 7 9 12 9 7 8 15 6 8 7 12 6 7 17 8 10 9 10 12 9 16 7 9 8 9 7 12 10 1 3 2 -1 5 2 19 14 12 11 8 14 11 17 8 14 9 6 12 9 18 9 11 14 7 13 10 21 12 14 13 14 16 13 15 6 8 7 4 14 7 18 9 11 10 7 13 14 11 2 4 3 0 2 7 20 15 13 12 9 11 16 18 9 15 10 7 9 14 19 10 12 15 8 10 15 22 13 15 14 15 13 18 20 11 13 12 9 15 16 15 6 8 7 4 6 15 16 7 5 12 5 7 8 25 20 14 21 14 16 17 27 18 20 23 16 18 19 20 11 9 16 9 11 12 27 18 16 23 20 18 19 25 16 14 21 14 20 17 24 15 13 20 13 15 20 7 2 -4 3 -4 -2 -1 12 11 1 8 1 3 4 18 13 11 14 7 9 10 11 6 0 7 0 2 3 18 13 7 14 11 9 10 16 11 5 12 5 11 8 15 10 4 11 4 6 11 5 -4 -2 1 -6 -4 -3 14 9 7 10 3 5 6 12 3 9 8 1 3 4 9 0 2 5 -2 0 1 16 7 9 12 9 7 8 14 5 7 10 3 9 6 13 4 6 9 2 4 9 12 3 1 8 1 3 4 21 16 10 17 10 12 13 23 14 16 19 12 14 15 16 7 5 12 5 7 8 23 14 12 19 16 14 15 21 12 10 17 10 16 13 20 11 9 16 9 11 16 5 -4 -6 1 -2 -4 -3 14 9 3 10 7 5 6 16 7 9 12 9 7 8 9 0 -2 5 2 0 1 12 3 1 8 9 3 4 14 5 3 10 7 9 6 13 4 2 9 6 4 9 7 -2 -4 3 -4 2 -1 16 11 5 12 5 11 8 18 9 11 14 7 13 10 11 2 0 7 0 6 3 18 9 7 14 11 13 10 12 3 1 8 1 11 4 15 6 4 11 4 10 11 8 -1 -3 4 -3 -1 4 17 12 6 13 6 8 13 19 10 12 15 8 10 15 12 3 1 8 1 3 8 19 10 8 15 12 10 15 17 8 6 13 6 12 13 12 3 1 8 1 3 12 19 10 8 11 12 10 11 28 23 17 20 21 19 20 30 21 23 22 23 21 22 27 18 16 23 20 18 19 26 17 15 18 23 17 18 28 19 17 20 21 23 20 27 18 16 19 20 18 23 10 5 -1 2 3 1 2 15 14 4 7 8 6 7 21 16 14 13 14 12 13 18 13 7 14 11 9 10 17 12 6 9 14 8 9 19 14 8 11 12 14 11 18 13 7 10 11 9 14 8 -1 1 0 1 -1 0 17 12 10 9 10 8 9 15 6 12 7 8 6 7 16 7 9 12 9 7 8 15 6 8 7 12 6 7 17 8 10 9 10 12 9 16 7 9 8 9 7 12 11 2 0 7 4 2 3 20 15 9 16 13 11 12 22 13 15 18 15 13 14 15 6 4 11 8 6 7 18 9 7 14 15 9 10 20 11 9 16 13 15 12 19 10 8 15 12 10 15 12 3 1 4 9 3 4 21 16 10 13 18 12 13 23 14 16 15 20 14 15 20 11 9 16 17 11 12 15 6 4 7 12 6 7 21 12 10 13 18 16 13 20 11 9 12 17 11 16 10 1 -1 2 3 5 2 19 14 8 11 12 14 11 21 12 14 13 14 16 13 18 9 7 14 11 13 10 17 8 6 9 14 12 9 15 6 4 7 8 14 7 18 9 7 10 11 13 14 11 2 0 3 4 2 7 20 15 9 12 13 11 16 22 13 15 14 15 13 18 19 10 8 15 12 10 15 18 9 7 10 15 9 14 20 11 9 12 13 15 16 15 6 4 7 8 6 15 17 8 6 9 6 12 9 26 21 15 18 15 21 18 28 19 21 20 17 23 20 25 16 14 21 14 20 17 28 19 17 20 21 23 20 22 13 11 14 11 21 14 25 16 14 17 14 20 21 8 3 -3 0 -3 3 0 13 12 2 5 2 8 5 19 14 12 11 8 14 11 16 11 5 12 5 11 8 19 14 8 11 12 14 11 13 8 2 5 2 12 5 16 11 5 8 5 11 12 6 -3 -1 -2 -5 1 -2 15 10 8 7 4 10 7 13 4 10 5 2 8 5 14 5 7 10 3 9 6 17 8 10 9 10 12 9 11 2 4 3 0 10 3 14 5 7 6 3 9 10 9 0 -2 5 -2 4 1 18 13 7 14 7 13 10 20 11 13 16 9 15 12 13 4 2 9 2 8 5 20 11 9 16 13 15 12 14 5 3 10 3 13 6 17 8 6 13 6 12 13 6 -3 -5 -2 -1 1 -2 15 10 4 7 8 10 7 17 8 10 9 10 12 9 14 5 3 10 7 9 6 13 4 2 5 10 8 5 11 2 0 3 4 10 3 14 5 3 6 7 9 10 12 3 1 4 1 11 4 21 16 10 13 10 20 13 23 14 16 15 12 22 15 20 11 9 16 9 19 12 23 14 12 15 16 22 15 13 4 2 5 2 12 5 20 11 9 12 9 19 16 9 0 -2 1 -2 4 5 18 13 7 10 7 13 14 20 11 13 12 9 15 16 17 8 6 13 6 12 13 20 11 9 12 13 15 16 14 5 3 6 3 13 10 13 4 2 5 2 8 13 16 7 5 8 5 7 12 25 20 14 17 14 16 21 27 18 20 19 16 18 23 24 15 13 20 13 15 20 27 18 16 19 20 18 23 25 16 14 17 14 20 21 20 11 9 12 9 11 20 7 2 -4 -1 -4 -2 3 12 11 1 4 1 3 8 18 13 11 10 7 9 14 15 10 4 11 4 6 11 18 13 7 10 11 9 14 16 11 5 8 5 11 12 11 6 0 3 0 2 11 5 -4 -2 -3 -6 -4 1 14 9 7 6 3 5 10 12 3 9 4 1 3 8 13 4 6 9 2 4 9 16 7 9 8 9 7 12 14 5 7 6 3 9 10 9 0 2 1 -2 0 9 8 -1 -3 4 -3 -1 4 17 12 6 13 6 8 13 19 10 12 15 8 10 15 12 3 1 8 1 3 8 19 10 8 15 12 10 15 17 8 6 13 6 12 13 12 3 1 8 1 3 12 5 -4 -6 -3 -2 -4 1 14 9 3 6 7 5 10 16 7 9 8 9 7 12 13 4 2 9 6 4 9 12 3 1 4 9 3 8 14 5 3 6 7 9 10 9 0 -2 1 2 0 9 7 -2 -4 -1 -4 2 3 16 11 5 8 5 11 12 18 9 11 10 7 13 14 15 6 4 11 4 10 11 18 9 7 10 11 13 14 12 3 1 4 1 11 8 11 2 0 3 0 6 11 12 3 1 4 1 3 12 21 16 10 13 10 12 21 23 14 16 15 12 14 23 20 11 9 16 9 11 20 23 14 12 15 16 14 23 21 12 10 13 10 16 21 12 3 1 4 1 3 12 -1 -6 -12 -9 -12 -10 -9 4 3 -7 -4 -7 -5 -4 10 5 3 2 -1 1 2 7 2 -4 3 -4 -2 -1 10 5 -1 2 3 1 2 8 3 -3 0 -3 3 0 7 2 -4 -1 -4 -2 3 -6 -7 -17 -14 -17 -15 -14 -5 -6 -16 -13 -16 -14 -13 5 4 -2 -3 -6 -4 -3 2 1 -9 -2 -9 -7 -6 5 4 -6 -3 -2 -4 -3 3 2 -8 -5 -8 -2 -5 2 1 -9 -6 -9 -7 -2 -12 -17 -19 -20 -23 -21 -20 -7 -8 -14 -15 -18 -16 -15 -5 -10 -8 -13 -16 -14 -13 -4 -9 -11 -8 -15 -13 -12 -1 -6 -8 -9 -8 -10 -9 -3 -8 -10 -11 -14 -8 -11 -4 -9 -11 -12 -15 -13 -8 -9 -14 -20 -13 -20 -18 -17 -4 -5 -15 -8 -15 -13 -12 2 -3 -5 -2 -9 -7 -6 -5 -10 -16 -9 -16 -14 -13 2 -3 -9 -2 -5 -7 -6 0 -5 -11 -4 -11 -5 -8 -1 -6 -12 -5 -12 -10 -5 -12 -17 -23 -20 -19 -21 -20 -7 -8 -18 -15 -14 -16 -15 -1 -6 -8 -9 -8 -10 -9 -4 -9 -15 -8 -11 -13 -12 -5 -10 -16 -13 -8 -14 -13 -3 -8 -14 -11 -10 -8 -11 -4 -9 -15 -12 -11 -13 -8 -10 -15 -21 -18 -21 -15 -18 -5 -6 -16 -13 -16 -10 -13 1 -4 -6 -7 -10 -4 -7 -2 -7 -13 -6 -13 -7 -10 1 -4 -10 -7 -6 -4 -7 -5 -10 -16 -13 -16 -6 -13 -2 -7 -13 -10 -13 -7 -6 -9 -14 -20 -17 -20 -18 -13 -4 -5 -15 -12 -15 -13 -8 2 -3 -5 -6 -9 -7 -2 -1 -6 -12 -5 -12 -10 -5 2 -3 -9 -6 -5 -7 -2 0 -5 -11 -8 -11 -5 -4 -5 -10 -16 -13 -16 -14 -5 4 3 -7 -4 -7 -5 -4 5 4 -6 -3 -6 -4 -3 15 14 8 7 4 6 7 12 11 1 8 1 3 4 15 14 4 7 8 6 7 13 12 2 5 2 8 5 12 11 1 4 1 3 8 3 2 -8 -5 -8 -6 -5 4 3 -7 -4 -7 -5 -4 14 13 7 6 3 5 6 11 10 0 7 0 2 3 14 13 3 6 7 5 6 12 11 1 4 1 7 4 11 10 0 3 0 2 7 -7 -8 -14 -15 -18 -16 -15 -6 -7 -13 -14 -17 -15 -14 0 -1 -3 -8 -11 -9 -8 1 0 -6 -3 -10 -8 -7 4 3 -3 -4 -3 -5 -4 2 1 -5 -6 -9 -3 -6 1 0 -6 -7 -10 -8 -3 -4 -5 -15 -8 -15 -13 -12 -3 -4 -14 -7 -14 -12 -11 7 6 0 3 -4 -2 -1 0 -1 -11 -4 -11 -9 -8 7 6 -4 3 0 -2 -1 5 4 -6 1 -6 0 -3 4 3 -7 0 -7 -5 0 -7 -8 -18 -15 -14 -16 -15 -6 -7 -17 -14 -13 -15 -14 4 3 -3 -4 -3 -5 -4 1 0 -10 -3 -6 -8 -7 0 -1 -11 -8 -3 -9 -8 2 1 -9 -6 -5 -3 -6 1 0 -10 -7 -6 -8 -3 -5 -6 -16 -13 -16 -10 -13 -4 -5 -15 -12 -15 -9 -12 6 5 -1 -2 -5 1 -2 3 2 -8 -1 -8 -2 -5 6 5 -5 -2 -1 1 -2 0 -1 -11 -8 -11 -1 -8 3 2 -8 -5 -8 -2 -1 -4 -5 -15 -12 -15 -13 -8 -3 -4 -14 -11 -14 -12 -7 7 6 0 -1 -4 -2 3 4 3 -7 0 -7 -5 0 7 6 -4 -1 0 -2 3 5 4 -6 -3 -6 0 1 0 -1 -11 -8 -11 -9 0 10 5 3 2 -1 1 2 15 14 8 7 4 6 7 17 12 14 9 6 8 9 18 13 11 14 7 9 10 21 16 14 13 14 12 13 19 14 12 11 8 14 11 18 13 11 10 7 9 14 5 4 -2 -3 -6 -4 -3 6 5 -1 -2 -5 -3 -2 12 11 9 4 1 3 4 13 12 6 9 2 4 5 16 15 9 8 9 7 8 14 13 7 6 3 9 6 13 12 6 5 2 4 9 3 -2 0 -5 -8 -6 -5 8 7 5 0 -3 -1 0 6 1 3 -2 -5 -3 -2 11 6 8 7 0 2 3 14 9 11 6 7 5 6 12 7 9 4 1 7 4 11 6 8 3 0 2 7 2 -3 -5 -2 -9 -7 -6 7 6 0 3 -4 -2 -1 9 4 6 5 -2 0 1 6 1 -1 2 -5 -3 -2 13 8 6 9 6 4 5 11 6 4 7 0 6 3 10 5 3 6 -1 1 6 -1 -6 -8 -9 -8 -10 -9 4 3 -3 -4 -3 -5 -4 6 1 3 -2 -1 -3 -2 7 2 0 3 0 -2 -1 6 1 -1 -2 3 -3 -2 8 3 1 0 1 3 0 7 2 0 -1 0 -2 3 1 -4 -6 -7 -10 -4 -7 6 5 -1 -2 -5 1 -2 8 3 5 0 -3 3 0 9 4 2 5 -2 4 1 12 7 5 4 5 7 4 6 1 -1 -2 -5 5 -2 9 4 2 1 -2 4 5 2 -3 -5 -6 -9 -7 -2 7 6 0 -1 -4 -2 3 9 4 6 1 -2 0 5 10 5 3 6 -1 1 6 13 8 6 5 6 4 9 11 6 4 3 0 6 7 6 1 -1 -2 -5 -3 6 7 2 -4 3 -4 -2 -1 12 11 1 8 1 3 4 18 13 11 14 7 9 10 11 6 0 7 0 2 3 18 13 7 14 11 9 10 16 11 5 12 5 11 8 15 10 4 11 4 6 11 2 1 -9 -2 -9 -7 -6 3 2 -8 -1 -8 -6 -5 13 12 6 9 2 4 5 6 5 -5 2 -5 -3 -2 13 12 2 9 6 4 5 11 10 0 7 0 6 3 10 9 -1 6 -1 1 6 -4 -9 -11 -8 -15 -13 -12 1 0 -6 -3 -10 -8 -7 3 -2 0 -1 -8 -6 -5 0 -5 -7 -4 -11 -9 -8 7 2 0 3 0 -2 -1 5 0 -2 1 -6 0 -3 4 -1 -3 0 -7 -5 0 3 -2 -8 -1 -8 -6 -5 8 7 -3 4 -3 -1 0 14 9 7 10 3 5 6 7 2 -4 3 -4 -2 -1 14 9 3 10 7 5 6 12 7 1 8 1 7 4 11 6 0 7 0 2 7 -4 -9 -15 -8 -11 -13 -12 1 0 -10 -3 -6 -8 -7 7 2 0 3 0 -2 -1 0 -5 -11 -4 -7 -9 -8 3 -2 -8 -1 0 -6 -5 5 0 -6 1 -2 0 -3 4 -1 -7 0 -3 -5 0 -2 -7 -13 -6 -13 -7 -10 3 2 -8 -1 -8 -2 -5 9 4 2 5 -2 4 1 2 -3 -9 -2 -9 -3 -6 9 4 -2 5 2 4 1 3 -2 -8 -1 -8 2 -5 6 1 -5 2 -5 1 2 -1 -6 -12 -5 -12 -10 -5 4 3 -7 0 -7 -5 0 10 5 3 6 -1 1 6 3 -2 -8 -1 -8 -6 -1 10 5 -1 6 3 1 6 8 3 -3 4 -3 3 4 3 -2 -8 -1 -8 -6 3 10 5 -1 2 3 1 2 15 14 4 7 8 6 7 21 16 14 13 14 12 13 18 13 7 14 11 9 10 17 12 6 9 14 8 9 19 14 8 11 12 14 11 18 13 7 10 11 9 14 5 4 -6 -3 -2 -4 -3 6 5 -5 -2 -1 -3 -2 16 15 9 8 9 7 8 13 12 2 9 6 4 5 12 11 1 4 9 3 4 14 13 3 6 7 9 6 13 12 2 5 6 4 9 -1 -6 -8 -9 -8 -10 -9 4 3 -3 -4 -3 -5 -4 6 1 3 -2 -1 -3 -2 7 2 0 3 0 -2 -1 6 1 -1 -2 3 -3 -2 8 3 1 0 1 3 0 7 2 0 -1 0 -2 3 2 -3 -9 -2 -5 -7 -6 7 6 -4 3 0 -2 -1 13 8 6 9 6 4 5 6 1 -5 2 -1 -3 -2 9 4 -2 5 6 0 1 11 6 0 7 4 6 3 10 5 -1 6 3 1 6 3 -2 -8 -5 0 -6 -5 8 7 -3 0 5 -1 0 14 9 7 6 11 5 6 11 6 0 7 8 2 3 6 1 -5 -2 3 -3 -2 12 7 1 4 9 7 4 11 6 0 3 8 2 7 1 -4 -10 -7 -6 -4 -7 6 5 -5 -2 -1 1 -2 12 7 5 4 5 7 4 9 4 -2 5 2 4 1 8 3 -3 0 5 3 0 6 1 -5 -2 -1 5 -2 9 4 -2 1 2 4 5 2 -3 -9 -6 -5 -7 -2 7 6 -4 -1 0 -2 3 13 8 6 5 6 4 9 10 5 -1 6 3 1 6 9 4 -2 1 6 0 5 11 6 0 3 4 6 7 6 1 -5 -2 -1 -3 6 8 3 -3 0 -3 3 0 13 12 2 5 2 8 5 19 14 12 11 8 14 11 16 11 5 12 5 11 8 19 14 8 11 12 14 11 13 8 2 5 2 12 5 16 11 5 8 5 11 12 3 2 -8 -5 -8 -2 -5 4 3 -7 -4 -7 -1 -4 14 13 7 6 3 9 6 11 10 0 7 0 6 3 14 13 3 6 7 9 6 8 7 -3 0 -3 7 0 11 10 0 3 0 6 7 -3 -8 -10 -11 -14 -8 -11 2 1 -5 -6 -9 -3 -6 4 -1 1 -4 -7 -1 -4 5 0 -2 1 -6 0 -3 8 3 1 0 1 3 0 2 -3 -5 -6 -9 1 -6 5 0 -2 -3 -6 0 1 0 -5 -11 -4 -11 -5 -8 5 4 -6 1 -6 0 -3 11 6 4 7 0 6 3 4 -1 -7 0 -7 -1 -4 11 6 0 7 4 6 3 5 0 -6 1 -6 4 -3 8 3 -3 4 -3 3 4 -3 -8 -14 -11 -10 -8 -11 2 1 -9 -6 -5 -3 -6 8 3 1 0 1 3 0 5 0 -6 1 -2 0 -3 4 -1 -7 -4 1 -1 -4 2 -3 -9 -6 -5 1 -6 5 0 -6 -3 -2 0 1 3 -2 -8 -5 -8 2 -5 8 7 -3 0 -3 7 0 14 9 7 6 3 13 6 11 6 0 7 0 10 3 14 9 3 6 7 13 6 4 -1 -7 -4 -7 3 -4 11 6 0 3 0 10 7 0 -5 -11 -8 -11 -5 -4 5 4 -6 -3 -6 0 1 11 6 4 3 0 6 7 8 3 -3 4 -3 3 4 11 6 0 3 4 6 7 5 0 -6 -3 -6 4 1 4 -1 -7 -4 -7 -1 4 7 2 -4 -1 -4 -2 3 12 11 1 4 1 3 8 18 13 11 10 7 9 14 15 10 4 11 4 6 11 18 13 7 10 11 9 14 16 11 5 8 5 11 12 11 6 0 3 0 2 11 2 1 -9 -6 -9 -7 -2 3 2 -8 -5 -8 -6 -1 13 12 6 5 2 4 9 10 9 -1 6 -1 1 6 13 12 2 5 6 4 9 11 10 0 3 0 6 7 6 5 -5 -2 -5 -3 6 -4 -9 -11 -12 -15 -13 -8 1 0 -6 -7 -10 -8 -3 3 -2 0 -5 -8 -6 -1 4 -1 -3 0 -7 -5 0 7 2 0 -1 0 -2 3 5 0 -2 -3 -6 0 1 0 -5 -7 -8 -11 -9 0 -1 -6 -12 -5 -12 -10 -5 4 3 -7 0 -7 -5 0 10 5 3 6 -1 1 6 3 -2 -8 -1 -8 -6 -1 10 5 -1 6 3 1 6 8 3 -3 4 -3 3 4 3 -2 -8 -1 -8 -6 3 -4 -9 -15 -12 -11 -13 -8 1 0 -10 -7 -6 -8 -3 7 2 0 -1 0 -2 3 4 -1 -7 0 -3 -5 0 3 -2 -8 -5 0 -6 -1 5 0 -6 -3 -2 0 1 0 -5 -11 -8 -7 -9 0 -2 -7 -13 -10 -13 -7 -6 3 2 -8 -5 -8 -2 -1 9 4 2 1 -2 4 5 6 1 -5 2 -5 1 2 9 4 -2 1 2 4 5 3 -2 -8 -5 -8 2 -1 2 -3 -9 -6 -9 -3 2 3 -2 -8 -5 -8 -6 3 8 7 -3 0 -3 -1 8 14 9 7 6 3 5 14 11 6 0 7 0 2 11 14 9 3 6 7 5 14 12 7 1 4 1 7 12 3 -2 -8 -5 -8 -6 3 -3 -12 -10 -11 -14 -12 -11 6 1 -1 -2 -5 -3 -2 4 -5 1 -4 -7 -5 -4 5 -4 -2 1 -6 -4 -3 8 -1 1 0 1 -1 0 6 -3 -1 -2 -5 1 -2 5 -4 -2 -3 -6 -4 1 -12 -17 -19 -20 -23 -21 -20 -7 -8 -14 -15 -18 -16 -15 -5 -10 -8 -13 -16 -14 -13 -4 -9 -11 -8 -15 -13 -12 -1 -6 -8 -9 -8 -10 -9 -3 -8 -10 -11 -14 -8 -11 -4 -9 -11 -12 -15 -13 -8 -10 -19 -13 -18 -21 -19 -18 -1 -6 -4 -9 -12 -10 -9 -7 -16 -10 -15 -18 -16 -15 -2 -11 -5 -6 -13 -11 -10 1 -8 -2 -7 -6 -8 -7 -1 -10 -4 -9 -12 -6 -9 -2 -11 -5 -10 -13 -11 -6 -11 -20 -18 -15 -22 -20 -19 -2 -7 -9 -6 -13 -11 -10 -4 -13 -7 -8 -15 -13 -12 -7 -16 -14 -11 -18 -16 -15 0 -9 -7 -4 -7 -9 -8 -2 -11 -9 -6 -13 -7 -10 -3 -12 -10 -7 -14 -12 -7 -14 -23 -21 -22 -21 -23 -22 -5 -10 -12 -13 -12 -14 -13 -7 -16 -10 -15 -14 -16 -15 -6 -15 -13 -10 -13 -15 -14 -7 -16 -14 -15 -10 -16 -15 -5 -14 -12 -13 -12 -10 -13 -6 -15 -13 -14 -13 -15 -10 -12 -21 -19 -20 -23 -17 -20 -3 -8 -10 -11 -14 -8 -11 -5 -14 -8 -13 -16 -10 -13 -4 -13 -11 -8 -15 -9 -12 -1 -10 -8 -9 -8 -6 -9 -7 -16 -14 -15 -18 -8 -15 -4 -13 -11 -12 -15 -9 -8 -11 -20 -18 -19 -22 -20 -15 -2 -7 -9 -10 -13 -11 -6 -4 -13 -7 -12 -15 -13 -8 -3 -12 -10 -7 -14 -12 -7 0 -9 -7 -8 -7 -9 -4 -2 -11 -9 -10 -13 -7 -6 -7 -16 -14 -15 -18 -16 -7 6 1 -1 -2 -5 -3 -2 11 10 4 3 0 2 3 13 8 10 5 2 4 5 14 9 7 10 3 5 6 17 12 10 9 10 8 9 15 10 8 7 4 10 7 14 9 7 6 3 5 10 1 0 -6 -7 -10 -8 -7 2 1 -5 -6 -9 -7 -6 8 7 5 0 -3 -1 0 9 8 2 5 -2 0 1 12 11 5 4 5 3 4 10 9 3 2 -1 5 2 9 8 2 1 -2 0 5 -1 -6 -4 -9 -12 -10 -9 4 3 1 -4 -7 -5 -4 2 -3 -1 -6 -9 -7 -6 7 2 4 3 -4 -2 -1 10 5 7 2 3 1 2 8 3 5 0 -3 3 0 7 2 4 -1 -4 -2 3 -2 -7 -9 -6 -13 -11 -10 3 2 -4 -1 -8 -6 -5 5 0 2 1 -6 -4 -3 2 -3 -5 -2 -9 -7 -6 9 4 2 5 2 0 1 7 2 0 3 -4 2 -1 6 1 -1 2 -5 -3 2 -5 -10 -12 -13 -12 -14 -13 0 -1 -7 -8 -7 -9 -8 2 -3 -1 -6 -5 -7 -6 3 -2 -4 -1 -4 -6 -5 2 -3 -5 -6 -1 -7 -6 4 -1 -3 -4 -3 -1 -4 3 -2 -4 -5 -4 -6 -1 -3 -8 -10 -11 -14 -8 -11 2 1 -5 -6 -9 -3 -6 4 -1 1 -4 -7 -1 -4 5 0 -2 1 -6 0 -3 8 3 1 0 1 3 0 2 -3 -5 -6 -9 1 -6 5 0 -2 -3 -6 0 1 -2 -7 -9 -10 -13 -11 -6 3 2 -4 -5 -8 -6 -1 5 0 2 -3 -6 -4 1 6 1 -1 2 -5 -3 2 9 4 2 1 2 0 5 7 2 0 -1 -4 2 3 2 -3 -5 -6 -9 -7 2 4 -5 1 -4 -7 -5 -4 13 8 10 5 2 4 5 7 -2 4 -1 -4 -2 -1 12 3 9 8 1 3 4 15 6 12 7 8 6 7 13 4 10 5 2 8 5 12 3 9 4 1 3 8 -5 -10 -8 -13 -16 -14 -13 0 -1 -3 -8 -11 -9 -8 -2 -7 -5 -10 -13 -11 -10 3 -2 0 -1 -8 -6 -5 6 1 3 -2 -1 -3 -2 4 -1 1 -4 -7 -1 -4 3 -2 0 -5 -8 -6 -1 1 -8 -2 -7 -10 -8 -7 10 5 7 2 -1 1 2 4 -5 1 -4 -7 -5 -4 9 0 6 5 -2 0 1 12 3 9 4 5 3 4 10 1 7 2 -1 5 2 9 0 6 1 -2 0 5 -4 -13 -7 -8 -15 -13 -12 5 0 2 1 -6 -4 -3 -1 -10 -4 -5 -12 -10 -9 0 -9 -3 -4 -11 -9 -8 7 -2 4 3 0 -2 -1 5 -4 2 1 -6 0 -3 4 -5 1 0 -7 -5 0 -7 -16 -10 -15 -14 -16 -15 2 -3 -1 -6 -5 -7 -6 -4 -13 -7 -12 -11 -13 -12 1 -8 -2 -3 -6 -8 -7 0 -9 -3 -8 -3 -9 -8 2 -7 -1 -6 -5 -3 -6 1 -8 -2 -7 -6 -8 -3 -5 -14 -8 -13 -16 -10 -13 4 -1 1 -4 -7 -1 -4 -2 -11 -5 -10 -13 -7 -10 3 -6 0 -1 -8 -2 -5 6 -3 3 -2 -1 1 -2 0 -9 -3 -8 -11 -1 -8 3 -6 0 -5 -8 -2 -1 -4 -13 -7 -12 -15 -13 -8 5 0 2 -3 -6 -4 1 -1 -10 -4 -9 -12 -10 -5 4 -5 1 0 -7 -5 0 7 -2 4 -1 0 -2 3 5 -4 2 -3 -6 0 1 0 -9 -3 -8 -11 -9 0 5 -4 -2 1 -6 -4 -3 14 9 7 10 3 5 6 12 3 9 8 1 3 4 9 0 2 5 -2 0 1 16 7 9 12 9 7 8 14 5 7 10 3 9 6 13 4 6 9 2 4 9 -4 -9 -11 -8 -15 -13 -12 1 0 -6 -3 -10 -8 -7 3 -2 0 -1 -8 -6 -5 0 -5 -7 -4 -11 -9 -8 7 2 0 3 0 -2 -1 5 0 -2 1 -6 0 -3 4 -1 -3 0 -7 -5 0 -2 -11 -5 -6 -13 -11 -10 7 2 4 3 -4 -2 -1 1 -8 -2 -3 -10 -8 -7 2 -7 -1 -2 -9 -7 -6 9 0 6 5 2 0 1 7 -2 4 3 -4 2 -1 6 -3 3 2 -5 -3 2 1 -8 -6 -3 -10 -8 -7 10 5 3 6 -1 1 2 8 -1 5 4 -3 -1 0 5 -4 -2 1 -6 -4 -3 12 3 5 8 5 3 4 10 1 3 6 -1 5 2 9 0 2 5 -2 0 5 -6 -15 -13 -10 -13 -15 -14 3 -2 -4 -1 -4 -6 -5 1 -8 -2 -3 -6 -8 -7 -2 -11 -9 -6 -9 -11 -10 1 -8 -6 -3 -2 -8 -7 3 -6 -4 -1 -4 -2 -5 2 -7 -5 -2 -5 -7 -2 -4 -13 -11 -8 -15 -9 -12 5 0 -2 1 -6 0 -3 3 -6 0 -1 -8 -2 -5 0 -9 -7 -4 -11 -5 -8 7 -2 0 3 0 2 -1 1 -8 -6 -3 -10 0 -7 4 -5 -3 0 -7 -1 0 -3 -12 -10 -7 -14 -12 -7 6 1 -1 2 -5 -3 2 4 -5 1 0 -7 -5 0 1 -8 -6 -3 -10 -8 -3 8 -1 1 4 1 -1 4 6 -3 -1 2 -5 1 2 1 -8 -6 -3 -10 -8 1 8 -1 1 0 1 -1 0 17 12 10 9 10 8 9 15 6 12 7 8 6 7 16 7 9 12 9 7 8 15 6 8 7 12 6 7 17 8 10 9 10 12 9 16 7 9 8 9 7 12 -1 -6 -8 -9 -8 -10 -9 4 3 -3 -4 -3 -5 -4 6 1 3 -2 -1 -3 -2 7 2 0 3 0 -2 -1 6 1 -1 -2 3 -3 -2 8 3 1 0 1 3 0 7 2 0 -1 0 -2 3 1 -8 -2 -7 -6 -8 -7 10 5 7 2 3 1 2 4 -5 1 -4 -3 -5 -4 9 0 6 5 2 0 1 8 -1 5 0 5 -1 0 10 1 7 2 3 5 2 9 0 6 1 2 0 5 0 -9 -7 -4 -7 -9 -8 9 4 2 5 2 0 1 7 -2 4 3 0 -2 -1 4 -5 -3 0 -3 -5 -4 7 -2 0 3 4 -2 -1 9 0 2 5 2 4 1 8 -1 1 4 1 -1 4 1 -8 -6 -7 -2 -8 -7 10 5 3 2 7 1 2 8 -1 5 0 5 -1 0 9 0 2 5 6 0 1 4 -5 -3 -4 1 -5 -4 10 1 3 2 7 5 2 9 0 2 1 6 0 5 -1 -10 -8 -9 -8 -6 -9 8 3 1 0 1 3 0 6 -3 3 -2 -1 1 -2 7 -2 0 3 0 2 -1 6 -3 -1 -2 3 1 -2 4 -5 -3 -4 -3 3 -4 7 -2 0 -1 0 2 3 0 -9 -7 -8 -7 -9 -4 9 4 2 1 2 0 5 7 -2 4 -1 0 -2 3 8 -1 1 4 1 -1 4 7 -2 0 -1 4 -2 3 9 0 2 1 2 4 5 4 -5 -3 -4 -3 -5 4 6 -3 -1 -2 -5 1 -2 15 10 8 7 4 10 7 13 4 10 5 2 8 5 14 5 7 10 3 9 6 17 8 10 9 10 12 9 11 2 4 3 0 10 3 14 5 7 6 3 9 10 -3 -8 -10 -11 -14 -8 -11 2 1 -5 -6 -9 -3 -6 4 -1 1 -4 -7 -1 -4 5 0 -2 1 -6 0 -3 8 3 1 0 1 3 0 2 -3 -5 -6 -9 1 -6 5 0 -2 -3 -6 0 1 -1 -10 -4 -9 -12 -6 -9 8 3 5 0 -3 3 0 2 -7 -1 -6 -9 -3 -6 7 -2 4 3 -4 2 -1 10 1 7 2 3 5 2 4 -5 1 -4 -7 3 -4 7 -2 4 -1 -4 2 3 -2 -11 -9 -6 -13 -7 -10 7 2 0 3 -4 2 -1 5 -4 2 1 -6 0 -3 2 -7 -5 -2 -9 -3 -6 9 0 2 5 2 4 1 3 -6 -4 -1 -8 2 -5 6 -3 -1 2 -5 1 2 -5 -14 -12 -13 -12 -10 -13 4 -1 -3 -4 -3 -1 -4 2 -7 -1 -6 -5 -3 -6 3 -6 -4 -1 -4 -2 -5 2 -7 -5 -6 -1 -3 -6 0 -9 -7 -8 -7 -1 -8 3 -6 -4 -5 -4 -2 -1 1 -8 -6 -7 -10 0 -7 10 5 3 2 -1 9 2 8 -1 5 0 -3 7 0 9 0 2 5 -2 8 1 12 3 5 4 5 11 4 2 -7 -5 -6 -9 1 -6 9 0 2 1 -2 8 5 -2 -11 -9 -10 -13 -7 -6 7 2 0 -1 -4 2 3 5 -4 2 -3 -6 0 1 6 -3 -1 2 -5 1 2 9 0 2 1 2 4 5 3 -6 -4 -5 -8 2 -1 2 -7 -5 -6 -9 -3 2 5 -4 -2 -3 -6 -4 1 14 9 7 6 3 5 10 12 3 9 4 1 3 8 13 4 6 9 2 4 9 16 7 9 8 9 7 12 14 5 7 6 3 9 10 9 0 2 1 -2 0 9 -4 -9 -11 -12 -15 -13 -8 1 0 -6 -7 -10 -8 -3 3 -2 0 -5 -8 -6 -1 4 -1 -3 0 -7 -5 0 7 2 0 -1 0 -2 3 5 0 -2 -3 -6 0 1 0 -5 -7 -8 -11 -9 0 -2 -11 -5 -10 -13 -11 -6 7 2 4 -1 -4 -2 3 1 -8 -2 -7 -10 -8 -3 6 -3 3 2 -5 -3 2 9 0 6 1 2 0 5 7 -2 4 -1 -4 2 3 2 -7 -1 -6 -9 -7 2 -3 -12 -10 -7 -14 -12 -7 6 1 -1 2 -5 -3 2 4 -5 1 0 -7 -5 0 1 -8 -6 -3 -10 -8 -3 8 -1 1 4 1 -1 4 6 -3 -1 2 -5 1 2 1 -8 -6 -3 -10 -8 1 -6 -15 -13 -14 -13 -15 -10 3 -2 -4 -5 -4 -6 -1 1 -8 -2 -7 -6 -8 -3 2 -7 -5 -2 -5 -7 -2 1 -8 -6 -7 -2 -8 -3 3 -6 -4 -5 -4 -2 -1 -2 -11 -9 -10 -9 -11 -2 -4 -13 -11 -12 -15 -9 -8 5 0 -2 -3 -6 0 1 3 -6 0 -5 -8 -2 -1 4 -5 -3 0 -7 -1 0 7 -2 0 -1 0 2 3 1 -8 -6 -7 -10 0 -3 0 -9 -7 -8 -11 -5 0 1 -8 -6 -7 -10 -8 1 10 5 3 2 -1 1 10 8 -1 5 0 -3 -1 8 9 0 2 5 -2 0 9 12 3 5 4 5 3 12 10 1 3 2 -1 5 10 1 -8 -6 -7 -10 -8 1 0 -9 -11 -4 -11 -9 -8 9 4 -2 5 -2 0 1 11 2 4 7 0 2 3 4 -5 -7 0 -7 -5 -4 11 2 0 7 4 2 3 9 0 -2 5 -2 4 1 8 -1 -3 4 -3 -1 4 -9 -14 -20 -13 -20 -18 -17 -4 -5 -15 -8 -15 -13 -12 2 -3 -5 -2 -9 -7 -6 -5 -10 -16 -9 -16 -14 -13 2 -3 -9 -2 -5 -7 -6 0 -5 -11 -4 -11 -5 -8 -1 -6 -12 -5 -12 -10 -5 -11 -20 -18 -15 -22 -20 -19 -2 -7 -9 -6 -13 -11 -10 -4 -13 -7 -8 -15 -13 -12 -7 -16 -14 -11 -18 -16 -15 0 -9 -7 -4 -7 -9 -8 -2 -11 -9 -6 -13 -7 -10 -3 -12 -10 -7 -14 -12 -7 -4 -13 -15 -8 -15 -13 -12 5 0 -6 1 -6 -4 -3 7 -2 0 3 -4 -2 -1 0 -9 -11 -4 -11 -9 -8 7 -2 -4 3 0 -2 -1 5 -4 -6 1 -6 0 -3 4 -5 -7 0 -7 -5 0 -11 -20 -22 -15 -18 -20 -19 -2 -7 -13 -6 -9 -11 -10 0 -9 -7 -4 -7 -9 -8 -7 -16 -18 -11 -14 -16 -15 -4 -13 -15 -8 -7 -13 -12 -2 -11 -13 -6 -9 -7 -10 -3 -12 -14 -7 -10 -12 -7 -9 -18 -20 -13 -20 -14 -17 0 -5 -11 -4 -11 -5 -8 2 -7 -5 -2 -9 -3 -6 -5 -14 -16 -9 -16 -10 -13 2 -7 -9 -2 -5 -3 -6 -4 -13 -15 -8 -15 -5 -12 -1 -10 -12 -5 -12 -6 -5 -8 -17 -19 -12 -19 -17 -12 1 -4 -10 -3 -10 -8 -3 3 -6 -4 -1 -8 -6 -1 -4 -13 -15 -8 -15 -13 -8 3 -6 -8 -1 -4 -6 -1 1 -8 -10 -3 -10 -4 -3 -4 -13 -15 -8 -15 -13 -4 9 4 -2 5 -2 0 1 14 13 3 10 3 5 6 20 15 13 16 9 11 12 13 8 2 9 2 4 5 20 15 9 16 13 11 12 18 13 7 14 7 13 10 17 12 6 13 6 8 13 4 3 -7 0 -7 -5 -4 5 4 -6 1 -6 -4 -3 15 14 8 11 4 6 7 8 7 -3 4 -3 -1 0 15 14 4 11 8 6 7 13 12 2 9 2 8 5 12 11 1 8 1 3 8 -2 -7 -9 -6 -13 -11 -10 3 2 -4 -1 -8 -6 -5 5 0 2 1 -6 -4 -3 2 -3 -5 -2 -9 -7 -6 9 4 2 5 2 0 1 7 2 0 3 -4 2 -1 6 1 -1 2 -5 -3 2 5 0 -6 1 -6 -4 -3 10 9 -1 6 -1 1 2 16 11 9 12 5 7 8 9 4 -2 5 -2 0 1 16 11 5 12 9 7 8 14 9 3 10 3 9 6 13 8 2 9 2 4 9 -2 -7 -13 -6 -9 -11 -10 3 2 -8 -1 -4 -6 -5 9 4 2 5 2 0 1 2 -3 -9 -2 -5 -7 -6 5 0 -6 1 2 -4 -3 7 2 -4 3 0 2 -1 6 1 -5 2 -1 -3 2 0 -5 -11 -4 -11 -5 -8 5 4 -6 1 -6 0 -3 11 6 4 7 0 6 3 4 -1 -7 0 -7 -1 -4 11 6 0 7 4 6 3 5 0 -6 1 -6 4 -3 8 3 -3 4 -3 3 4 1 -4 -10 -3 -10 -8 -3 6 5 -5 2 -5 -3 2 12 7 5 8 1 3 8 5 0 -6 1 -6 -4 1 12 7 1 8 5 3 8 10 5 -1 6 -1 5 6 5 0 -6 1 -6 -4 5 11 2 4 7 0 2 3 20 15 13 16 9 11 12 18 9 15 14 7 9 10 15 6 8 11 4 6 7 22 13 15 18 15 13 14 20 11 13 16 9 15 12 19 10 12 15 8 10 15 2 -3 -5 -2 -9 -7 -6 7 6 0 3 -4 -2 -1 9 4 6 5 -2 0 1 6 1 -1 2 -5 -3 -2 13 8 6 9 6 4 5 11 6 4 7 0 6 3 10 5 3 6 -1 1 6 4 -5 1 0 -7 -5 -4 13 8 10 9 2 4 5 7 -2 4 3 -4 -2 -1 8 -1 5 4 -3 -1 0 15 6 12 11 8 6 7 13 4 10 9 2 8 5 12 3 9 8 1 3 8 7 -2 0 3 -4 -2 -1 16 11 9 12 5 7 8 14 5 11 10 3 5 6 11 2 4 7 0 2 3 18 9 11 14 11 9 10 16 7 9 12 5 11 8 15 6 8 11 4 6 11 0 -9 -7 -4 -7 -9 -8 9 4 2 5 2 0 1 7 -2 4 3 0 -2 -1 4 -5 -3 0 -3 -5 -4 7 -2 0 3 4 -2 -1 9 0 2 5 2 4 1 8 -1 1 4 1 -1 4 2 -7 -5 -2 -9 -3 -6 11 6 4 7 0 6 3 9 0 6 5 -2 4 1 6 -3 -1 2 -5 1 -2 13 4 6 9 6 8 5 7 -2 0 3 -4 6 -1 10 1 3 6 -1 5 6 3 -6 -4 -1 -8 -6 -1 12 7 5 8 1 3 8 10 1 7 6 -1 1 6 7 -2 0 3 -4 -2 3 14 5 7 10 7 5 10 12 3 5 8 1 7 8 7 -2 0 3 -4 -2 7 4 -5 -7 0 -7 -5 -4 13 8 2 9 2 4 5 15 6 8 11 4 6 7 8 -1 -3 4 -3 -1 0 15 6 4 11 8 6 7 13 4 2 9 2 8 5 12 3 1 8 1 3 8 -5 -10 -16 -9 -16 -14 -13 0 -1 -11 -4 -11 -9 -8 6 1 -1 2 -5 -3 -2 -1 -6 -12 -5 -12 -10 -9 6 1 -5 2 -1 -3 -2 4 -1 -7 0 -7 -1 -4 3 -2 -8 -1 -8 -6 -1 -7 -16 -14 -11 -18 -16 -15 2 -3 -5 -2 -9 -7 -6 0 -9 -3 -4 -11 -9 -8 -3 -12 -10 -7 -14 -12 -11 4 -5 -3 0 -3 -5 -4 2 -7 -5 -2 -9 -3 -6 1 -8 -6 -3 -10 -8 -3 0 -9 -11 -4 -11 -9 -8 9 4 -2 5 -2 0 1 11 2 4 7 0 2 3 4 -5 -7 0 -7 -5 -4 11 2 0 7 4 2 3 9 0 -2 5 -2 4 1 8 -1 -3 4 -3 -1 4 -7 -16 -18 -11 -14 -16 -15 2 -3 -9 -2 -5 -7 -6 4 -5 -3 0 -3 -5 -4 -3 -12 -14 -7 -10 -12 -11 0 -9 -11 -4 -3 -9 -8 2 -7 -9 -2 -5 -3 -6 1 -8 -10 -3 -6 -8 -3 -5 -14 -16 -9 -16 -10 -13 4 -1 -7 0 -7 -1 -4 6 -3 -1 2 -5 1 -2 -1 -10 -12 -5 -12 -6 -9 6 -3 -5 2 -1 1 -2 0 -9 -11 -4 -11 -1 -8 3 -6 -8 -1 -8 -2 -1 -4 -13 -15 -8 -15 -13 -8 5 0 -6 1 -6 -4 1 7 -2 0 3 -4 -2 3 0 -9 -11 -4 -11 -9 -4 7 -2 -4 3 0 -2 3 5 -4 -6 1 -6 0 1 0 -9 -11 -4 -11 -9 0 11 2 0 7 4 2 3 20 15 9 16 13 11 12 22 13 15 18 15 13 14 15 6 4 11 8 6 7 18 9 7 14 15 9 10 20 11 9 16 13 15 12 19 10 8 15 12 10 15 2 -3 -9 -2 -5 -7 -6 7 6 -4 3 0 -2 -1 13 8 6 9 6 4 5 6 1 -5 2 -1 -3 -2 9 4 -2 5 6 0 1 11 6 0 7 4 6 3 10 5 -1 6 3 1 6 0 -9 -7 -4 -7 -9 -8 9 4 2 5 2 0 1 7 -2 4 3 0 -2 -1 4 -5 -3 0 -3 -5 -4 7 -2 0 3 4 -2 -1 9 0 2 5 2 4 1 8 -1 1 4 1 -1 4 7 -2 -4 3 0 -2 -1 16 11 5 12 9 7 8 18 9 11 14 11 9 10 11 2 0 7 4 2 3 14 5 3 10 11 5 6 16 7 5 12 9 11 8 15 6 4 11 8 6 11 4 -5 -7 0 1 -5 -4 13 8 2 9 10 4 5 15 6 8 11 12 6 7 8 -1 -3 4 5 -1 0 7 -2 -4 3 4 -2 -1 13 4 2 9 10 8 5 12 3 1 8 9 3 8 2 -7 -9 -2 -5 -3 -6 11 6 0 7 4 6 3 13 4 6 9 6 8 5 6 -3 -5 2 -1 1 -2 9 0 -2 5 6 4 1 7 -2 -4 3 0 6 -1 10 1 -1 6 3 5 6 3 -6 -8 -1 -4 -6 -1 12 7 1 8 5 3 8 14 5 7 10 7 5 10 7 -2 -4 3 0 -2 3 10 1 -1 6 7 1 6 12 3 1 8 5 7 8 7 -2 -4 3 0 -2 7 9 0 -2 5 -2 4 1 18 13 7 14 7 13 10 20 11 13 16 9 15 12 13 4 2 9 2 8 5 20 11 9 16 13 15 12 14 5 3 10 3 13 6 17 8 6 13 6 12 13 0 -5 -11 -4 -11 -5 -8 5 4 -6 1 -6 0 -3 11 6 4 7 0 6 3 4 -1 -7 0 -7 -1 -4 11 6 0 7 4 6 3 5 0 -6 1 -6 4 -3 8 3 -3 4 -3 3 4 -2 -11 -9 -6 -13 -7 -10 7 2 0 3 -4 2 -1 5 -4 2 1 -6 0 -3 2 -7 -5 -2 -9 -3 -6 9 0 2 5 2 4 1 3 -6 -4 -1 -8 2 -5 6 -3 -1 2 -5 1 2 5 -4 -6 1 -6 0 -3 14 9 3 10 3 9 6 16 7 9 12 5 11 8 9 0 -2 5 -2 4 1 16 7 5 12 9 11 8 10 1 -1 6 -1 9 2 13 4 2 9 2 8 9 -2 -11 -13 -6 -9 -7 -10 7 2 -4 3 0 2 -1 9 0 2 5 2 4 1 2 -7 -9 -2 -5 -3 -6 5 -4 -6 1 2 0 -3 3 -6 -8 -1 -4 2 -5 6 -3 -5 2 -1 1 2 4 -5 -7 0 -7 3 -4 13 8 2 9 2 12 5 15 6 8 11 4 14 7 8 -1 -3 4 -3 7 0 15 6 4 11 8 14 7 5 -4 -6 1 -6 4 -3 12 3 1 8 1 11 8 1 -8 -10 -3 -10 -4 -3 10 5 -1 6 -1 5 6 12 3 5 8 1 7 8 5 -4 -6 1 -6 0 1 12 3 1 8 5 7 8 6 -3 -5 2 -5 5 2 5 -4 -6 1 -6 0 5 8 -1 -3 4 -3 -1 4 17 12 6 13 6 8 13 19 10 12 15 8 10 15 12 3 1 8 1 3 8 19 10 8 15 12 10 15 17 8 6 13 6 12 13 12 3 1 8 1 3 12 -1 -6 -12 -5 -12 -10 -5 4 3 -7 0 -7 -5 0 10 5 3 6 -1 1 6 3 -2 -8 -1 -8 -6 -1 10 5 -1 6 3 1 6 8 3 -3 4 -3 3 4 3 -2 -8 -1 -8 -6 3 -3 -12 -10 -7 -14 -12 -7 6 1 -1 2 -5 -3 2 4 -5 1 0 -7 -5 0 1 -8 -6 -3 -10 -8 -3 8 -1 1 4 1 -1 4 6 -3 -1 2 -5 1 2 1 -8 -6 -3 -10 -8 1 4 -5 -7 0 -7 -5 0 13 8 2 9 2 4 9 15 6 8 11 4 6 11 8 -1 -3 4 -3 -1 4 15 6 4 11 8 6 11 13 4 2 9 2 8 9 8 -1 -3 4 -3 -1 8 -3 -12 -14 -7 -10 -12 -7 6 1 -5 2 -1 -3 2 8 -1 1 4 1 -1 4 1 -8 -10 -3 -6 -8 -3 4 -5 -7 0 1 -5 0 6 -3 -5 2 -1 1 2 1 -8 -10 -3 -6 -8 1 -1 -10 -12 -5 -12 -6 -5 8 3 -3 4 -3 3 4 10 1 3 6 -1 5 6 3 -6 -8 -1 -8 -2 -1 10 1 -1 6 3 5 6 4 -5 -7 0 -7 3 0 3 -6 -8 -1 -8 -2 3 4 -5 -7 0 -7 -5 4 13 8 2 9 2 4 13 15 6 8 11 4 6 15 8 -1 -3 4 -3 -1 8 15 6 4 11 8 6 15 13 4 2 9 2 8 13 4 -5 -7 0 -7 -5 4 -3 -12 -14 -11 -10 -12 -11 6 1 -5 -2 -1 -3 -2 8 -1 1 0 1 -1 0 5 -4 -6 1 -2 -4 -3 4 -5 -7 -4 1 -5 -4 6 -3 -5 -2 -1 1 -2 5 -4 -6 -3 -2 -4 1 -12 -17 -23 -20 -19 -21 -20 -7 -8 -18 -15 -14 -16 -15 -1 -6 -8 -9 -8 -10 -9 -4 -9 -15 -8 -11 -13 -12 -5 -10 -16 -13 -8 -14 -13 -3 -8 -14 -11 -10 -8 -11 -4 -9 -15 -12 -11 -13 -8 -14 -23 -21 -22 -21 -23 -22 -5 -10 -12 -13 -12 -14 -13 -7 -16 -10 -15 -14 -16 -15 -6 -15 -13 -10 -13 -15 -14 -7 -16 -14 -15 -10 -16 -15 -5 -14 -12 -13 -12 -10 -13 -6 -15 -13 -14 -13 -15 -10 -11 -20 -22 -15 -18 -20 -19 -2 -7 -13 -6 -9 -11 -10 0 -9 -7 -4 -7 -9 -8 -7 -16 -18 -11 -14 -16 -15 -4 -13 -15 -8 -7 -13 -12 -2 -11 -13 -6 -9 -7 -10 -3 -12 -14 -7 -10 -12 -7 -10 -19 -21 -18 -13 -19 -18 -1 -6 -12 -9 -4 -10 -9 1 -8 -6 -7 -2 -8 -7 -2 -11 -13 -6 -5 -11 -10 -7 -16 -18 -15 -10 -16 -15 -1 -10 -12 -9 -4 -6 -9 -2 -11 -13 -10 -5 -11 -6 -12 -21 -23 -20 -19 -17 -20 -3 -8 -14 -11 -10 -8 -11 -1 -10 -8 -9 -8 -6 -9 -4 -13 -15 -8 -11 -9 -12 -5 -14 -16 -13 -8 -10 -13 -7 -16 -18 -15 -14 -8 -15 -4 -13 -15 -12 -11 -9 -8 -11 -20 -22 -19 -18 -20 -15 -2 -7 -13 -10 -9 -11 -6 0 -9 -7 -8 -7 -9 -4 -3 -12 -14 -7 -10 -12 -7 -4 -13 -15 -12 -7 -13 -8 -2 -11 -13 -10 -9 -7 -6 -7 -16 -18 -15 -14 -16 -7 6 1 -5 -2 -1 -3 -2 11 10 0 3 4 2 3 17 12 10 9 10 8 9 14 9 3 10 7 5 6 13 8 2 5 10 4 5 15 10 4 7 8 10 7 14 9 3 6 7 5 10 1 0 -10 -7 -6 -8 -7 2 1 -9 -6 -5 -7 -6 12 11 5 4 5 3 4 9 8 -2 5 2 0 1 8 7 -3 0 5 -1 0 10 9 -1 2 3 5 2 9 8 -2 1 2 0 5 -5 -10 -12 -13 -12 -14 -13 0 -1 -7 -8 -7 -9 -8 2 -3 -1 -6 -5 -7 -6 3 -2 -4 -1 -4 -6 -5 2 -3 -5 -6 -1 -7 -6 4 -1 -3 -4 -3 -1 -4 3 -2 -4 -5 -4 -6 -1 -2 -7 -13 -6 -9 -11 -10 3 2 -8 -1 -4 -6 -5 9 4 2 5 2 0 1 2 -3 -9 -2 -5 -7 -6 5 0 -6 1 2 -4 -3 7 2 -4 3 0 2 -1 6 1 -5 2 -1 -3 2 -1 -6 -12 -9 -4 -10 -9 4 3 -7 -4 1 -5 -4 10 5 3 2 7 1 2 7 2 -4 3 4 -2 -1 2 -3 -9 -6 -1 -7 -6 8 3 -3 0 5 3 0 7 2 -4 -1 4 -2 3 -3 -8 -14 -11 -10 -8 -11 2 1 -9 -6 -5 -3 -6 8 3 1 0 1 3 0 5 0 -6 1 -2 0 -3 4 -1 -7 -4 1 -1 -4 2 -3 -9 -6 -5 1 -6 5 0 -6 -3 -2 0 1 -2 -7 -13 -10 -9 -11 -6 3 2 -8 -5 -4 -6 -1 9 4 2 1 2 0 5 6 1 -5 2 -1 -3 2 5 0 -6 -3 2 -4 1 7 2 -4 -1 0 2 3 2 -3 -9 -6 -5 -7 2 8 -1 1 0 1 -1 0 17 12 10 9 10 8 9 15 6 12 7 8 6 7 16 7 9 12 9 7 8 15 6 8 7 12 6 7 17 8 10 9 10 12 9 16 7 9 8 9 7 12 -1 -6 -8 -9 -8 -10 -9 4 3 -3 -4 -3 -5 -4 6 1 3 -2 -1 -3 -2 7 2 0 3 0 -2 -1 6 1 -1 -2 3 -3 -2 8 3 1 0 1 3 0 7 2 0 -1 0 -2 3 1 -8 -2 -7 -6 -8 -7 10 5 7 2 3 1 2 4 -5 1 -4 -3 -5 -4 9 0 6 5 2 0 1 8 -1 5 0 5 -1 0 10 1 7 2 3 5 2 9 0 6 1 2 0 5 0 -9 -7 -4 -7 -9 -8 9 4 2 5 2 0 1 7 -2 4 3 0 -2 -1 4 -5 -3 0 -3 -5 -4 7 -2 0 3 4 -2 -1 9 0 2 5 2 4 1 8 -1 1 4 1 -1 4 1 -8 -6 -7 -2 -8 -7 10 5 3 2 7 1 2 8 -1 5 0 5 -1 0 9 0 2 5 6 0 1 4 -5 -3 -4 1 -5 -4 10 1 3 2 7 5 2 9 0 2 1 6 0 5 -1 -10 -8 -9 -8 -6 -9 8 3 1 0 1 3 0 6 -3 3 -2 -1 1 -2 7 -2 0 3 0 2 -1 6 -3 -1 -2 3 1 -2 4 -5 -3 -4 -3 3 -4 7 -2 0 -1 0 2 3 0 -9 -7 -8 -7 -9 -4 9 4 2 1 2 0 5 7 -2 4 -1 0 -2 3 8 -1 1 4 1 -1 4 7 -2 0 -1 4 -2 3 9 0 2 1 2 4 5 4 -5 -3 -4 -3 -5 4 5 -4 -6 1 -2 -4 -3 14 9 3 10 7 5 6 16 7 9 12 9 7 8 9 0 -2 5 2 0 1 12 3 1 8 9 3 4 14 5 3 10 7 9 6 13 4 2 9 6 4 9 -4 -9 -15 -8 -11 -13 -12 1 0 -10 -3 -6 -8 -7 7 2 0 3 0 -2 -1 0 -5 -11 -4 -7 -9 -8 3 -2 -8 -1 0 -6 -5 5 0 -6 1 -2 0 -3 4 -1 -7 0 -3 -5 0 -6 -15 -13 -10 -13 -15 -14 3 -2 -4 -1 -4 -6 -5 1 -8 -2 -3 -6 -8 -7 -2 -11 -9 -6 -9 -11 -10 1 -8 -6 -3 -2 -8 -7 3 -6 -4 -1 -4 -2 -5 2 -7 -5 -2 -5 -7 -2 1 -8 -10 -3 -6 -8 -7 10 5 -1 6 3 1 2 12 3 5 8 5 3 4 5 -4 -6 1 -2 -4 -3 8 -1 -3 4 5 -1 0 10 1 -1 6 3 5 2 9 0 -2 5 2 0 5 -2 -11 -13 -6 -5 -11 -10 7 2 -4 3 4 -2 -1 9 0 2 5 6 0 1 2 -7 -9 -2 -1 -7 -6 1 -8 -10 -3 -2 -8 -7 7 -2 -4 3 4 2 -1 6 -3 -5 2 3 -3 2 -4 -13 -15 -8 -11 -9 -12 5 0 -6 1 -2 0 -3 7 -2 0 3 0 2 -1 0 -9 -11 -4 -7 -5 -8 3 -6 -8 -1 0 -2 -5 1 -8 -10 -3 -6 0 -7 4 -5 -7 0 -3 -1 0 -3 -12 -14 -7 -10 -12 -7 6 1 -5 2 -1 -3 2 8 -1 1 4 1 -1 4 1 -8 -10 -3 -6 -8 -3 4 -5 -7 0 1 -5 0 6 -3 -5 2 -1 1 2 1 -8 -10 -3 -6 -8 1 4 -5 -7 -4 1 -5 -4 13 8 2 5 10 4 5 15 6 8 7 12 6 7 12 3 1 8 9 3 4 7 -2 -4 -1 4 -2 -1 13 4 2 5 10 8 5 12 3 1 4 9 3 8 -5 -10 -16 -13 -8 -14 -13 0 -1 -11 -8 -3 -9 -8 6 1 -1 -2 3 -3 -2 3 -2 -8 -1 0 -6 -5 -2 -7 -13 -10 -5 -11 -10 4 -1 -7 -4 1 -1 -4 3 -2 -8 -5 0 -6 -1 -7 -16 -14 -15 -10 -16 -15 2 -3 -5 -6 -1 -7 -6 0 -9 -3 -8 -3 -9 -8 1 -8 -6 -3 -2 -8 -7 -4 -13 -11 -12 -7 -13 -12 2 -7 -5 -6 -1 -3 -6 1 -8 -6 -7 -2 -8 -3 -4 -13 -15 -8 -7 -13 -12 5 0 -6 1 2 -4 -3 7 -2 0 3 4 -2 -1 0 -9 -11 -4 -3 -9 -8 -1 -10 -12 -5 -4 -10 -9 5 -4 -6 1 2 0 -3 4 -5 -7 0 1 -5 0 1 -8 -10 -7 -2 -8 -7 10 5 -1 2 7 1 2 12 3 5 4 9 3 4 9 0 -2 5 6 0 1 4 -5 -7 -4 1 -5 -4 10 1 -1 2 7 5 2 9 0 -2 1 6 0 5 -5 -14 -16 -13 -8 -10 -13 4 -1 -7 -4 1 -1 -4 6 -3 -1 -2 3 1 -2 3 -6 -8 -1 0 -2 -5 -2 -11 -13 -10 -5 -7 -10 0 -9 -11 -8 -3 -1 -8 3 -6 -8 -5 0 -2 -1 -4 -13 -15 -12 -7 -13 -8 5 0 -6 -3 2 -4 1 7 -2 0 -1 4 -2 3 4 -5 -7 0 1 -5 0 -1 -10 -12 -9 -4 -10 -5 5 -4 -6 -3 2 0 1 0 -9 -11 -8 -3 -9 0 6 -3 -5 -2 -1 1 -2 15 10 4 7 8 10 7 17 8 10 9 10 12 9 14 5 3 10 7 9 6 13 4 2 5 10 8 5 11 2 0 3 4 10 3 14 5 3 6 7 9 10 -3 -8 -14 -11 -10 -8 -11 2 1 -9 -6 -5 -3 -6 8 3 1 0 1 3 0 5 0 -6 1 -2 0 -3 4 -1 -7 -4 1 -1 -4 2 -3 -9 -6 -5 1 -6 5 0 -6 -3 -2 0 1 -5 -14 -12 -13 -12 -10 -13 4 -1 -3 -4 -3 -1 -4 2 -7 -1 -6 -5 -3 -6 3 -6 -4 -1 -4 -2 -5 2 -7 -5 -6 -1 -3 -6 0 -9 -7 -8 -7 -1 -8 3 -6 -4 -5 -4 -2 -1 -2 -11 -13 -6 -9 -7 -10 7 2 -4 3 0 2 -1 9 0 2 5 2 4 1 2 -7 -9 -2 -5 -3 -6 5 -4 -6 1 2 0 -3 3 -6 -8 -1 -4 2 -5 6 -3 -5 2 -1 1 2 -1 -10 -12 -9 -4 -6 -9 8 3 -3 0 5 3 0 10 1 3 2 7 5 2 7 -2 -4 3 4 2 -1 2 -7 -9 -6 -1 -3 -6 4 -5 -7 -4 1 3 -4 7 -2 -4 -1 4 2 3 1 -8 -10 -7 -6 0 -7 10 5 -1 2 3 9 2 12 3 5 4 5 11 4 9 0 -2 5 2 8 1 8 -1 -3 0 5 7 0 2 -7 -9 -6 -5 1 -6 9 0 -2 1 2 8 5 -2 -11 -13 -10 -9 -7 -6 7 2 -4 -1 0 2 3 9 0 2 1 2 4 5 6 -3 -5 2 -1 1 2 5 -4 -6 -3 2 0 1 3 -6 -8 -5 -4 2 -1 2 -7 -9 -6 -5 -3 2 5 -4 -6 -3 -2 -4 1 14 9 3 6 7 5 10 16 7 9 8 9 7 12 13 4 2 9 6 4 9 12 3 1 4 9 3 8 14 5 3 6 7 9 10 9 0 -2 1 2 0 9 -4 -9 -15 -12 -11 -13 -8 1 0 -10 -7 -6 -8 -3 7 2 0 -1 0 -2 3 4 -1 -7 0 -3 -5 0 3 -2 -8 -5 0 -6 -1 5 0 -6 -3 -2 0 1 0 -5 -11 -8 -7 -9 0 -6 -15 -13 -14 -13 -15 -10 3 -2 -4 -5 -4 -6 -1 1 -8 -2 -7 -6 -8 -3 2 -7 -5 -2 -5 -7 -2 1 -8 -6 -7 -2 -8 -3 3 -6 -4 -5 -4 -2 -1 -2 -11 -9 -10 -9 -11 -2 -3 -12 -14 -7 -10 -12 -7 6 1 -5 2 -1 -3 2 8 -1 1 4 1 -1 4 1 -8 -10 -3 -6 -8 -3 4 -5 -7 0 1 -5 0 6 -3 -5 2 -1 1 2 1 -8 -10 -3 -6 -8 1 -2 -11 -13 -10 -5 -11 -6 7 2 -4 -1 4 -2 3 9 0 2 1 6 0 5 6 -3 -5 2 3 -3 2 1 -8 -10 -7 -2 -8 -3 7 -2 -4 -1 4 2 3 2 -7 -9 -6 -1 -7 2 -4 -13 -15 -12 -11 -9 -8 5 0 -6 -3 -2 0 1 7 -2 0 -1 0 2 3 4 -5 -7 0 -3 -1 0 3 -6 -8 -5 0 -2 -1 1 -8 -10 -7 -6 0 -3 0 -9 -11 -8 -7 -5 0 1 -8 -10 -7 -6 -8 1 10 5 -1 2 3 1 10 12 3 5 4 5 3 12 9 0 -2 5 2 0 9 8 -1 -3 0 5 -1 8 10 1 -1 2 3 5 10 1 -8 -10 -7 -6 -8 1 -1 -10 -12 -9 -12 -6 -9 8 3 -3 0 -3 3 0 10 1 3 2 -1 5 2 7 -2 -4 3 -4 2 -1 10 1 -1 2 3 5 2 4 -5 -7 -4 -7 3 -4 7 -2 -4 -1 -4 2 3 -10 -15 -21 -18 -21 -15 -18 -5 -6 -16 -13 -16 -10 -13 1 -4 -6 -7 -10 -4 -7 -2 -7 -13 -6 -13 -7 -10 1 -4 -10 -7 -6 -4 -7 -5 -10 -16 -13 -16 -6 -13 -2 -7 -13 -10 -13 -7 -6 -12 -21 -19 -20 -23 -17 -20 -3 -8 -10 -11 -14 -8 -11 -5 -14 -8 -13 -16 -10 -13 -4 -13 -11 -8 -15 -9 -12 -1 -10 -8 -9 -8 -6 -9 -7 -16 -14 -15 -18 -8 -15 -4 -13 -11 -12 -15 -9 -8 -9 -18 -20 -13 -20 -14 -17 0 -5 -11 -4 -11 -5 -8 2 -7 -5 -2 -9 -3 -6 -5 -14 -16 -9 -16 -10 -13 2 -7 -9 -2 -5 -3 -6 -4 -13 -15 -8 -15 -5 -12 -1 -10 -12 -5 -12 -6 -5 -12 -21 -23 -20 -19 -17 -20 -3 -8 -14 -11 -10 -8 -11 -1 -10 -8 -9 -8 -6 -9 -4 -13 -15 -8 -11 -9 -12 -5 -14 -16 -13 -8 -10 -13 -7 -16 -18 -15 -14 -8 -15 -4 -13 -15 -12 -11 -9 -8 -6 -15 -17 -14 -17 -7 -14 3 -2 -8 -5 -8 2 -5 5 -4 -2 -3 -6 4 -3 2 -7 -9 -2 -9 1 -6 5 -4 -6 -3 -2 4 -3 -5 -14 -16 -13 -16 -6 -13 2 -7 -9 -6 -9 1 -2 -9 -18 -20 -17 -20 -14 -13 0 -5 -11 -8 -11 -5 -4 2 -7 -5 -6 -9 -3 -2 -1 -10 -12 -5 -12 -6 -5 2 -7 -9 -6 -5 -3 -2 -4 -13 -15 -12 -15 -5 -8 -5 -14 -16 -13 -16 -10 -5 8 3 -3 0 -3 3 0 13 12 2 5 2 8 5 19 14 12 11 8 14 11 16 11 5 12 5 11 8 19 14 8 11 12 14 11 13 8 2 5 2 12 5 16 11 5 8 5 11 12 3 2 -8 -5 -8 -2 -5 4 3 -7 -4 -7 -1 -4 14 13 7 6 3 9 6 11 10 0 7 0 6 3 14 13 3 6 7 9 6 8 7 -3 0 -3 7 0 11 10 0 3 0 6 7 -3 -8 -10 -11 -14 -8 -11 2 1 -5 -6 -9 -3 -6 4 -1 1 -4 -7 -1 -4 5 0 -2 1 -6 0 -3 8 3 1 0 1 3 0 2 -3 -5 -6 -9 1 -6 5 0 -2 -3 -6 0 1 0 -5 -11 -4 -11 -5 -8 5 4 -6 1 -6 0 -3 11 6 4 7 0 6 3 4 -1 -7 0 -7 -1 -4 11 6 0 7 4 6 3 5 0 -6 1 -6 4 -3 8 3 -3 4 -3 3 4 -3 -8 -14 -11 -10 -8 -11 2 1 -9 -6 -5 -3 -6 8 3 1 0 1 3 0 5 0 -6 1 -2 0 -3 4 -1 -7 -4 1 -1 -4 2 -3 -9 -6 -5 1 -6 5 0 -6 -3 -2 0 1 3 -2 -8 -5 -8 2 -5 8 7 -3 0 -3 7 0 14 9 7 6 3 13 6 11 6 0 7 0 10 3 14 9 3 6 7 13 6 4 -1 -7 -4 -7 3 -4 11 6 0 3 0 10 7 0 -5 -11 -8 -11 -5 -4 5 4 -6 -3 -6 0 1 11 6 4 3 0 6 7 8 3 -3 4 -3 3 4 11 6 0 3 4 6 7 5 0 -6 -3 -6 4 1 4 -1 -7 -4 -7 -1 4 10 1 3 2 -1 5 2 19 14 12 11 8 14 11 17 8 14 9 6 12 9 18 9 11 14 7 13 10 21 12 14 13 14 16 13 15 6 8 7 4 14 7 18 9 11 10 7 13 14 1 -4 -6 -7 -10 -4 -7 6 5 -1 -2 -5 1 -2 8 3 5 0 -3 3 0 9 4 2 5 -2 4 1 12 7 5 4 5 7 4 6 1 -1 -2 -5 5 -2 9 4 2 1 -2 4 5 3 -6 0 -5 -8 -2 -5 12 7 9 4 1 7 4 6 -3 3 -2 -5 1 -2 11 2 8 7 0 6 3 14 5 11 6 7 9 6 8 -1 5 0 -3 7 0 11 2 8 3 0 6 7 2 -7 -5 -2 -9 -3 -6 11 6 4 7 0 6 3 9 0 6 5 -2 4 1 6 -3 -1 2 -5 1 -2 13 4 6 9 6 8 5 7 -2 0 3 -4 6 -1 10 1 3 6 -1 5 6 -1 -10 -8 -9 -8 -6 -9 8 3 1 0 1 3 0 6 -3 3 -2 -1 1 -2 7 -2 0 3 0 2 -1 6 -3 -1 -2 3 1 -2 4 -5 -3 -4 -3 3 -4 7 -2 0 -1 0 2 3 5 -4 -2 -3 -6 4 -3 14 9 7 6 3 13 6 12 3 9 4 1 11 4 13 4 6 9 2 12 5 16 7 9 8 9 15 8 6 -3 -1 -2 -5 5 -2 13 4 6 5 2 12 9 2 -7 -5 -6 -9 -3 -2 11 6 4 3 0 6 7 9 0 6 1 -2 4 5 10 1 3 6 -1 5 6 13 4 6 5 6 8 9 7 -2 0 -1 -4 6 3 6 -3 -1 -2 -5 1 6 7 -2 -4 3 -4 2 -1 16 11 5 12 5 11 8 18 9 11 14 7 13 10 11 2 0 7 0 6 3 18 9 7 14 11 13 10 12 3 1 8 1 11 4 15 6 4 11 4 10 11 -2 -7 -13 -6 -13 -7 -10 3 2 -8 -1 -8 -2 -5 9 4 2 5 -2 4 1 2 -3 -9 -2 -9 -3 -6 9 4 -2 5 2 4 1 3 -2 -8 -1 -8 2 -5 6 1 -5 2 -5 1 2 -4 -13 -11 -8 -15 -9 -12 5 0 -2 1 -6 0 -3 3 -6 0 -1 -8 -2 -5 0 -9 -7 -4 -11 -5 -8 7 -2 0 3 0 2 -1 1 -8 -6 -3 -10 0 -7 4 -5 -3 0 -7 -1 0 3 -6 -8 -1 -8 -2 -5 12 7 1 8 1 7 4 14 5 7 10 3 9 6 7 -2 -4 3 -4 2 -1 14 5 3 10 7 9 6 8 -1 -3 4 -3 7 0 11 2 0 7 0 6 7 -4 -13 -15 -8 -11 -9 -12 5 0 -6 1 -2 0 -3 7 -2 0 3 0 2 -1 0 -9 -11 -4 -7 -5 -8 3 -6 -8 -1 0 -2 -5 1 -8 -10 -3 -6 0 -7 4 -5 -7 0 -3 -1 0 2 -7 -9 -2 -9 1 -6 11 6 0 7 0 10 3 13 4 6 9 2 12 5 6 -3 -5 2 -5 5 -2 13 4 2 9 6 12 5 3 -6 -8 -1 -8 2 -5 10 1 -1 6 -1 9 6 -1 -10 -12 -5 -12 -6 -5 8 3 -3 4 -3 3 4 10 1 3 6 -1 5 6 3 -6 -8 -1 -8 -2 -1 10 1 -1 6 3 5 6 4 -5 -7 0 -7 3 0 3 -6 -8 -1 -8 -2 3 10 1 -1 2 3 5 2 19 14 8 11 12 14 11 21 12 14 13 14 16 13 18 9 7 14 11 13 10 17 8 6 9 14 12 9 15 6 4 7 8 14 7 18 9 7 10 11 13 14 1 -4 -10 -7 -6 -4 -7 6 5 -5 -2 -1 1 -2 12 7 5 4 5 7 4 9 4 -2 5 2 4 1 8 3 -3 0 5 3 0 6 1 -5 -2 -1 5 -2 9 4 -2 1 2 4 5 -1 -10 -8 -9 -8 -6 -9 8 3 1 0 1 3 0 6 -3 3 -2 -1 1 -2 7 -2 0 3 0 2 -1 6 -3 -1 -2 3 1 -2 4 -5 -3 -4 -3 3 -4 7 -2 0 -1 0 2 3 2 -7 -9 -2 -5 -3 -6 11 6 0 7 4 6 3 13 4 6 9 6 8 5 6 -3 -5 2 -1 1 -2 9 0 -2 5 6 4 1 7 -2 -4 3 0 6 -1 10 1 -1 6 3 5 6 3 -6 -8 -5 0 -2 -5 12 7 1 4 9 7 4 14 5 7 6 11 9 6 11 2 0 7 8 6 3 6 -3 -5 -2 3 1 -2 8 -1 -3 0 5 7 0 11 2 0 3 8 6 7 5 -4 -6 -3 -2 4 -3 14 9 3 6 7 13 6 16 7 9 8 9 15 8 13 4 2 9 6 12 5 12 3 1 4 9 11 4 6 -3 -5 -2 -1 5 -2 13 4 2 5 6 12 9 2 -7 -9 -6 -5 -3 -2 11 6 0 3 4 6 7 13 4 6 5 6 8 9 10 1 -1 6 3 5 6 9 0 -2 1 6 4 5 7 -2 -4 -1 0 6 3 6 -3 -5 -2 -1 1 6 4 -5 -7 -4 -7 3 -4 13 8 2 5 2 12 5 15 6 8 7 4 14 7 12 3 1 8 1 11 4 15 6 4 7 8 14 7 5 -4 -6 -3 -6 4 -3 12 3 1 4 1 11 8 -5 -10 -16 -13 -16 -6 -13 0 -1 -11 -8 -11 -1 -8 6 1 -1 -2 -5 5 -2 3 -2 -8 -1 -8 2 -5 6 1 -5 -2 -1 5 -2 -4 -9 -15 -12 -15 -5 -12 3 -2 -8 -5 -8 2 -1 -7 -16 -14 -15 -18 -8 -15 2 -3 -5 -6 -9 1 -6 0 -9 -3 -8 -11 -1 -8 1 -8 -6 -3 -10 0 -7 4 -5 -3 -4 -3 3 -4 -6 -15 -13 -14 -17 -7 -14 1 -8 -6 -7 -10 0 -3 -4 -13 -15 -8 -15 -5 -12 5 0 -6 1 -6 4 -3 7 -2 0 3 -4 6 -1 0 -9 -11 -4 -11 -1 -8 7 -2 -4 3 0 6 -1 -3 -12 -14 -7 -14 -4 -11 4 -5 -7 0 -7 3 0 -7 -16 -18 -15 -14 -8 -15 2 -3 -9 -6 -5 1 -6 4 -5 -3 -4 -3 3 -4 1 -8 -10 -3 -6 0 -7 0 -9 -11 -8 -3 -1 -8 -6 -15 -17 -14 -13 -7 -14 1 -8 -10 -7 -6 0 -3 3 -6 -8 -5 -8 2 -5 12 7 1 4 1 11 4 14 5 7 6 3 13 6 11 2 0 7 0 10 3 14 5 3 6 7 13 6 4 -5 -7 -4 -7 3 -4 11 2 0 3 0 10 7 -4 -13 -15 -12 -15 -5 -8 5 0 -6 -3 -6 4 1 7 -2 0 -1 -4 6 3 4 -5 -7 0 -7 3 0 7 -2 -4 -1 0 6 3 -3 -12 -14 -11 -14 -4 -7 0 -9 -11 -8 -11 -1 0 7 -2 -4 -1 -4 2 3 16 11 5 8 5 11 12 18 9 11 10 7 13 14 15 6 4 11 4 10 11 18 9 7 10 11 13 14 12 3 1 4 1 11 8 11 2 0 3 0 6 11 -2 -7 -13 -10 -13 -7 -6 3 2 -8 -5 -8 -2 -1 9 4 2 1 -2 4 5 6 1 -5 2 -5 1 2 9 4 -2 1 2 4 5 3 -2 -8 -5 -8 2 -1 2 -3 -9 -6 -9 -3 2 -4 -13 -11 -12 -15 -9 -8 5 0 -2 -3 -6 0 1 3 -6 0 -5 -8 -2 -1 4 -5 -3 0 -7 -1 0 7 -2 0 -1 0 2 3 1 -8 -6 -7 -10 0 -3 0 -9 -7 -8 -11 -5 0 -1 -10 -12 -5 -12 -6 -5 8 3 -3 4 -3 3 4 10 1 3 6 -1 5 6 3 -6 -8 -1 -8 -2 -1 10 1 -1 6 3 5 6 4 -5 -7 0 -7 3 0 3 -6 -8 -1 -8 -2 3 -4 -13 -15 -12 -11 -9 -8 5 0 -6 -3 -2 0 1 7 -2 0 -1 0 2 3 4 -5 -7 0 -3 -1 0 3 -6 -8 -5 0 -2 -1 1 -8 -10 -7 -6 0 -3 0 -9 -11 -8 -7 -5 0 2 -7 -9 -6 -9 1 -2 11 6 0 3 0 10 7 13 4 6 5 2 12 9 10 1 -1 6 -1 9 6 13 4 2 5 6 12 9 3 -6 -8 -5 -8 2 -1 6 -3 -5 -2 -5 5 6 3 -6 -8 -5 -8 -2 3 12 7 1 4 1 7 12 14 5 7 6 3 9 14 11 2 0 7 0 6 11 14 5 3 6 7 9 14 8 -1 -3 0 -3 7 8 3 -6 -8 -5 -8 -2 3 0 -9 -11 -8 -11 -9 -4 9 4 -2 1 -2 0 5 11 2 4 3 0 2 7 8 -1 -3 4 -3 -1 4 11 2 0 3 4 2 7 9 0 -2 1 -2 4 5 4 -5 -7 -4 -7 -5 4 -9 -14 -20 -17 -20 -18 -13 -4 -5 -15 -12 -15 -13 -8 2 -3 -5 -6 -9 -7 -2 -1 -6 -12 -5 -12 -10 -5 2 -3 -9 -6 -5 -7 -2 0 -5 -11 -8 -11 -5 -4 -5 -10 -16 -13 -16 -14 -5 -11 -20 -18 -19 -22 -20 -15 -2 -7 -9 -10 -13 -11 -6 -4 -13 -7 -12 -15 -13 -8 -3 -12 -10 -7 -14 -12 -7 0 -9 -7 -8 -7 -9 -4 -2 -11 -9 -10 -13 -7 -6 -7 -16 -14 -15 -18 -16 -7 -8 -17 -19 -12 -19 -17 -12 1 -4 -10 -3 -10 -8 -3 3 -6 -4 -1 -8 -6 -1 -4 -13 -15 -8 -15 -13 -8 3 -6 -8 -1 -4 -6 -1 1 -8 -10 -3 -10 -4 -3 -4 -13 -15 -8 -15 -13 -4 -11 -20 -22 -19 -18 -20 -15 -2 -7 -13 -10 -9 -11 -6 0 -9 -7 -8 -7 -9 -4 -3 -12 -14 -7 -10 -12 -7 -4 -13 -15 -12 -7 -13 -8 -2 -11 -13 -10 -9 -7 -6 -7 -16 -18 -15 -14 -16 -7 -9 -18 -20 -17 -20 -14 -13 0 -5 -11 -8 -11 -5 -4 2 -7 -5 -6 -9 -3 -2 -1 -10 -12 -5 -12 -6 -5 2 -7 -9 -6 -5 -3 -2 -4 -13 -15 -12 -15 -5 -8 -5 -14 -16 -13 -16 -10 -5 -4 -13 -15 -12 -15 -13 -4 5 0 -6 -3 -6 -4 5 7 -2 0 -1 -4 -2 7 4 -5 -7 0 -7 -5 4 7 -2 -4 -1 0 -2 7 5 -4 -6 -3 -6 0 5 -4 -13 -15 -12 -15 -13 -4 9 4 -2 1 -2 0 5 14 13 3 6 3 5 10 20 15 13 12 9 11 16 17 12 6 13 6 8 13 20 15 9 12 13 11 16 18 13 7 10 7 13 14 13 8 2 5 2 4 13 4 3 -7 -4 -7 -5 0 5 4 -6 -3 -6 -4 1 15 14 8 7 4 6 11 12 11 1 8 1 3 8 15 14 4 7 8 6 11 13 12 2 5 2 8 9 8 7 -3 0 -3 -1 8 -2 -7 -9 -10 -13 -11 -6 3 2 -4 -5 -8 -6 -1 5 0 2 -3 -6 -4 1 6 1 -1 2 -5 -3 2 9 4 2 1 2 0 5 7 2 0 -1 -4 2 3 2 -3 -5 -6 -9 -7 2 1 -4 -10 -3 -10 -8 -3 6 5 -5 2 -5 -3 2 12 7 5 8 1 3 8 5 0 -6 1 -6 -4 1 12 7 1 8 5 3 8 10 5 -1 6 -1 5 6 5 0 -6 1 -6 -4 5 -2 -7 -13 -10 -9 -11 -6 3 2 -8 -5 -4 -6 -1 9 4 2 1 2 0 5 6 1 -5 2 -1 -3 2 5 0 -6 -3 2 -4 1 7 2 -4 -1 0 2 3 2 -3 -9 -6 -5 -7 2 0 -5 -11 -8 -11 -5 -4 5 4 -6 -3 -6 0 1 11 6 4 3 0 6 7 8 3 -3 4 -3 3 4 11 6 0 3 4 6 7 5 0 -6 -3 -6 4 1 4 -1 -7 -4 -7 -1 4 5 0 -6 -3 -6 -4 5 10 9 -1 2 -1 1 10 16 11 9 8 5 7 16 13 8 2 9 2 4 13 16 11 5 8 9 7 16 14 9 3 6 3 9 14 5 0 -6 -3 -6 -4 5 11 2 4 3 0 2 7 20 15 13 12 9 11 16 18 9 15 10 7 9 14 19 10 12 15 8 10 15 22 13 15 14 15 13 18 20 11 13 12 9 15 16 15 6 8 7 4 6 15 2 -3 -5 -6 -9 -7 -2 7 6 0 -1 -4 -2 3 9 4 6 1 -2 0 5 10 5 3 6 -1 1 6 13 8 6 5 6 4 9 11 6 4 3 0 6 7 6 1 -1 -2 -5 -3 6 4 -5 1 -4 -7 -5 0 13 8 10 5 2 4 9 7 -2 4 -1 -4 -2 3 12 3 9 8 1 3 8 15 6 12 7 8 6 11 13 4 10 5 2 8 9 8 -1 5 0 -3 -1 8 3 -6 -4 -1 -8 -6 -1 12 7 5 8 1 3 8 10 1 7 6 -1 1 6 7 -2 0 3 -4 -2 3 14 5 7 10 7 5 10 12 3 5 8 1 7 8 7 -2 0 3 -4 -2 7 0 -9 -7 -8 -7 -9 -4 9 4 2 1 2 0 5 7 -2 4 -1 0 -2 3 8 -1 1 4 1 -1 4 7 -2 0 -1 4 -2 3 9 0 2 1 2 4 5 4 -5 -3 -4 -3 -5 4 2 -7 -5 -6 -9 -3 -2 11 6 4 3 0 6 7 9 0 6 1 -2 4 5 10 1 3 6 -1 5 6 13 4 6 5 6 8 9 7 -2 0 -1 -4 6 3 6 -3 -1 -2 -5 1 6 7 -2 0 -1 -4 -2 7 16 11 9 8 5 7 16 14 5 11 6 3 5 14 15 6 8 11 4 6 15 18 9 11 10 11 9 18 16 7 9 8 5 11 16 7 -2 0 -1 -4 -2 7 8 -1 -3 4 -3 -1 4 17 12 6 13 6 8 13 19 10 12 15 8 10 15 12 3 1 8 1 3 8 19 10 8 15 12 10 15 17 8 6 13 6 12 13 12 3 1 8 1 3 12 -1 -6 -12 -5 -12 -10 -5 4 3 -7 0 -7 -5 0 10 5 3 6 -1 1 6 3 -2 -8 -1 -8 -6 -1 10 5 -1 6 3 1 6 8 3 -3 4 -3 3 4 3 -2 -8 -1 -8 -6 3 -3 -12 -10 -7 -14 -12 -7 6 1 -1 2 -5 -3 2 4 -5 1 0 -7 -5 0 1 -8 -6 -3 -10 -8 -3 8 -1 1 4 1 -1 4 6 -3 -1 2 -5 1 2 1 -8 -6 -3 -10 -8 1 4 -5 -7 0 -7 -5 0 13 8 2 9 2 4 9 15 6 8 11 4 6 11 8 -1 -3 4 -3 -1 4 15 6 4 11 8 6 11 13 4 2 9 2 8 9 8 -1 -3 4 -3 -1 8 -3 -12 -14 -7 -10 -12 -7 6 1 -5 2 -1 -3 2 8 -1 1 4 1 -1 4 1 -8 -10 -3 -6 -8 -3 4 -5 -7 0 1 -5 0 6 -3 -5 2 -1 1 2 1 -8 -10 -3 -6 -8 1 -1 -10 -12 -5 -12 -6 -5 8 3 -3 4 -3 3 4 10 1 3 6 -1 5 6 3 -6 -8 -1 -8 -2 -1 10 1 -1 6 3 5 6 4 -5 -7 0 -7 3 0 3 -6 -8 -1 -8 -2 3 4 -5 -7 0 -7 -5 4 13 8 2 9 2 4 13 15 6 8 11 4 6 15 8 -1 -3 4 -3 -1 8 15 6 4 11 8 6 15 13 4 2 9 2 8 13 4 -5 -7 0 -7 -5 4 11 2 0 3 4 2 7 20 15 9 12 13 11 16 22 13 15 14 15 13 18 19 10 8 15 12 10 15 18 9 7 10 15 9 14 20 11 9 12 13 15 16 15 6 4 7 8 6 15 2 -3 -9 -6 -5 -7 -2 7 6 -4 -1 0 -2 3 13 8 6 5 6 4 9 10 5 -1 6 3 1 6 9 4 -2 1 6 0 5 11 6 0 3 4 6 7 6 1 -5 -2 -1 -3 6 0 -9 -7 -8 -7 -9 -4 9 4 2 1 2 0 5 7 -2 4 -1 0 -2 3 8 -1 1 4 1 -1 4 7 -2 0 -1 4 -2 3 9 0 2 1 2 4 5 4 -5 -3 -4 -3 -5 4 3 -6 -8 -1 -4 -6 -1 12 7 1 8 5 3 8 14 5 7 10 7 5 10 7 -2 -4 3 0 -2 3 10 1 -1 6 7 1 6 12 3 1 8 5 7 8 7 -2 -4 3 0 -2 7 4 -5 -7 -4 1 -5 0 13 8 2 5 10 4 9 15 6 8 7 12 6 11 12 3 1 8 9 3 8 7 -2 -4 -1 4 -2 3 13 4 2 5 10 8 9 8 -1 -3 0 5 -1 8 2 -7 -9 -6 -5 -3 -2 11 6 0 3 4 6 7 13 4 6 5 6 8 9 10 1 -1 6 3 5 6 9 0 -2 1 6 4 5 7 -2 -4 -1 0 6 3 6 -3 -5 -2 -1 1 6 7 -2 -4 -1 0 -2 7 16 11 5 8 9 7 16 18 9 11 10 11 9 18 15 6 4 11 8 6 15 14 5 3 6 11 5 14 16 7 5 8 9 11 16 7 -2 -4 -1 0 -2 7 9 0 -2 1 -2 4 5 18 13 7 10 7 13 14 20 11 13 12 9 15 16 17 8 6 13 6 12 13 20 11 9 12 13 15 16 14 5 3 6 3 13 10 13 4 2 5 2 8 13 0 -5 -11 -8 -11 -5 -4 5 4 -6 -3 -6 0 1 11 6 4 3 0 6 7 8 3 -3 4 -3 3 4 11 6 0 3 4 6 7 5 0 -6 -3 -6 4 1 4 -1 -7 -4 -7 -1 4 -2 -11 -9 -10 -13 -7 -6 7 2 0 -1 -4 2 3 5 -4 2 -3 -6 0 1 6 -3 -1 2 -5 1 2 9 0 2 1 2 4 5 3 -6 -4 -5 -8 2 -1 2 -7 -5 -6 -9 -3 2 1 -8 -10 -3 -10 -4 -3 10 5 -1 6 -1 5 6 12 3 5 8 1 7 8 5 -4 -6 1 -6 0 1 12 3 1 8 5 7 8 6 -3 -5 2 -5 5 2 5 -4 -6 1 -6 0 5 -2 -11 -13 -10 -9 -7 -6 7 2 -4 -1 0 2 3 9 0 2 1 2 4 5 6 -3 -5 2 -1 1 2 5 -4 -6 -3 2 0 1 3 -6 -8 -5 -4 2 -1 2 -7 -9 -6 -5 -3 2 4 -5 -7 -4 -7 3 0 13 8 2 5 2 12 9 15 6 8 7 4 14 11 12 3 1 8 1 11 8 15 6 4 7 8 14 11 5 -4 -6 -3 -6 4 1 8 -1 -3 0 -3 7 8 5 -4 -6 -3 -6 0 5 14 9 3 6 3 9 14 16 7 9 8 5 11 16 13 4 2 9 2 8 13 16 7 5 8 9 11 16 10 1 -1 2 -1 9 10 5 -4 -6 -3 -6 0 5 4 -5 -7 -4 -7 -5 4 13 8 2 5 2 4 13 15 6 8 7 4 6 15 12 3 1 8 1 3 12 15 6 4 7 8 6 15 13 4 2 5 2 8 13 4 -5 -7 -4 -7 -5 4 -5 -10 -16 -13 -16 -14 -5 0 -1 -11 -8 -11 -9 0 6 1 -1 -2 -5 -3 6 3 -2 -8 -1 -8 -6 3 6 1 -5 -2 -1 -3 6 4 -1 -7 -4 -7 -1 4 -5 -10 -16 -13 -16 -14 -5 -7 -16 -14 -15 -18 -16 -7 2 -3 -5 -6 -9 -7 2 0 -9 -3 -8 -11 -9 0 1 -8 -6 -3 -10 -8 1 4 -5 -3 -4 -3 -5 4 2 -7 -5 -6 -9 -3 2 -7 -16 -14 -15 -18 -16 -7 -4 -13 -15 -8 -15 -13 -4 5 0 -6 1 -6 -4 5 7 -2 0 3 -4 -2 7 0 -9 -11 -4 -11 -9 0 7 -2 -4 3 0 -2 7 5 -4 -6 1 -6 0 5 -4 -13 -15 -8 -15 -13 -4 -7 -16 -18 -15 -14 -16 -7 2 -3 -9 -6 -5 -7 2 4 -5 -3 -4 -3 -5 4 1 -8 -10 -3 -6 -8 1 0 -9 -11 -8 -3 -9 0 2 -7 -9 -6 -5 -3 2 -7 -16 -18 -15 -14 -16 -7 -5 -14 -16 -13 -16 -10 -5 4 -1 -7 -4 -7 -1 4 6 -3 -1 -2 -5 1 6 3 -6 -8 -1 -8 -2 3 6 -3 -5 -2 -1 1 6 0 -9 -11 -8 -11 -1 0 -5 -14 -16 -13 -16 -10 -5 4 -5 -7 -4 -7 -5 4 13 8 2 5 2 4 13 15 6 8 7 4 6 15 12 3 1 8 1 3 12 15 6 4 7 8 6 15 13 4 2 5 2 8 13 4 -5 -7 -4 -7 -5 4 9 4 -2 1 -2 0 1 14 13 3 6 3 5 6 20 15 13 12 9 11 12 17 12 6 13 6 8 9 20 15 9 12 13 11 12 18 13 7 10 7 13 10 17 12 6 9 6 8 13 4 3 -7 -4 -7 -5 -4 5 4 -6 -3 -6 -4 -3 15 14 8 7 4 6 7 12 11 1 8 1 3 4 15 14 4 7 8 6 7 13 12 2 5 2 8 5 12 11 1 4 1 3 8 -2 -7 -9 -10 -13 -11 -10 3 2 -4 -5 -8 -6 -5 5 0 2 -3 -6 -4 -3 6 1 -1 2 -5 -3 -2 9 4 2 1 2 0 1 7 2 0 -1 -4 2 -1 6 1 -1 -2 -5 -3 2 1 -4 -10 -3 -10 -8 -7 6 5 -5 2 -5 -3 -2 12 7 5 8 1 3 4 5 0 -6 1 -6 -4 -3 12 7 1 8 5 3 4 10 5 -1 6 -1 5 2 9 4 -2 5 -2 0 5 -2 -7 -13 -10 -9 -11 -10 3 2 -8 -5 -4 -6 -5 9 4 2 1 2 0 1 6 1 -5 2 -1 -3 -2 5 0 -6 -3 2 -4 -3 7 2 -4 -1 0 2 -1 6 1 -5 -2 -1 -3 2 0 -5 -11 -8 -11 -5 -8 5 4 -6 -3 -6 0 -3 11 6 4 3 0 6 3 8 3 -3 4 -3 3 0 11 6 0 3 4 6 3 5 0 -6 -3 -6 4 -3 8 3 -3 0 -3 3 4 1 -4 -10 -7 -10 -8 -3 6 5 -5 -2 -5 -3 2 12 7 5 4 1 3 8 9 4 -2 5 -2 0 5 12 7 1 4 5 3 8 10 5 -1 2 -1 5 6 5 0 -6 -3 -6 -4 5 14 13 3 6 3 5 6 -1e+08 7 -2 -4 -5 0 -2 -1 16 11 5 4 9 7 8 18 9 11 6 11 9 10 19 10 8 11 12 10 11 14 5 3 2 11 5 6 16 7 5 4 9 11 8 15 6 4 3 8 6 11 -2 -7 -13 -14 -9 -11 -10 3 2 -8 -9 -4 -6 -5 9 4 2 -3 2 0 1 10 5 -1 2 3 1 2 5 0 -6 -7 2 -4 -3 7 2 -4 -5 0 2 -1 6 1 -5 -6 -1 -3 2 -4 -13 -11 -16 -11 -13 -12 5 0 -2 -7 -2 -4 -3 3 -6 0 -9 -4 -6 -5 8 -1 1 0 1 -1 0 3 -6 -4 -9 0 -6 -5 5 -4 -2 -7 -2 0 -3 4 -5 -3 -8 -3 -5 0 -5 -14 -16 -13 -12 -14 -13 4 -1 -7 -4 -3 -5 -4 6 -3 -1 -2 -1 -3 -2 3 -6 -8 -1 -4 -6 -5 2 -7 -9 -6 -1 -7 -6 4 -5 -7 -4 -3 -1 -4 3 -6 -8 -5 -4 -6 -1 0 -9 -11 -12 -3 -9 -8 9 4 -2 -3 6 0 1 11 2 4 -1 8 2 3 12 3 1 4 9 3 4 3 -6 -8 -9 0 -6 -5 9 0 -2 -3 6 4 1 8 -1 -3 -4 5 -1 4 -2 -11 -13 -14 -9 -7 -10 7 2 -4 -5 0 2 -1 9 0 2 -3 2 4 1 10 1 -1 2 3 5 2 5 -4 -6 -7 2 0 -3 3 -6 -8 -9 -4 2 -5 6 -3 -5 -6 -1 1 2 -1 -10 -12 -13 -8 -10 -5 8 3 -3 -4 1 -1 4 10 1 3 -2 3 1 6 11 2 0 3 4 2 7 6 -3 -5 -6 3 -3 2 8 -1 -3 -4 1 3 4 3 -6 -8 -9 -4 -6 3 16 11 5 4 9 7 8 21 20 10 9 14 12 13 27 22 20 15 20 18 19 28 23 17 20 21 19 20 23 18 12 11 20 14 15 25 20 14 13 18 20 17 24 19 13 12 17 15 20 11 10 0 -1 4 2 3 12 11 1 0 5 3 4 22 21 15 10 15 13 14 23 22 12 15 16 14 15 18 17 7 6 15 9 10 20 19 9 8 13 15 12 19 18 8 7 12 10 15 5 0 -2 -7 -2 -4 -3 10 9 3 -2 3 1 2 12 7 9 0 5 3 4 17 12 10 9 10 8 9 12 7 5 0 9 3 4 14 9 7 2 7 9 6 13 8 6 1 6 4 9 4 -1 -7 -4 -3 -5 -4 9 8 -2 1 2 0 1 15 10 8 7 8 6 7 12 7 1 8 5 3 4 11 6 0 3 8 2 3 13 8 2 5 6 8 5 12 7 1 4 5 3 8 9 4 -2 -3 6 0 1 14 13 3 2 11 5 6 20 15 13 8 17 11 12 21 16 10 13 18 12 13 12 7 1 0 9 3 4 18 13 7 6 15 13 10 17 12 6 5 14 8 13 7 2 -4 -5 0 2 -1 12 11 1 0 5 7 4 18 13 11 6 11 13 10 19 14 8 11 12 14 11 14 9 3 2 11 9 6 12 7 1 0 5 11 4 15 10 4 3 8 10 11 8 3 -3 -4 1 -1 4 13 12 2 1 6 4 9 19 14 12 7 12 10 15 20 15 9 12 13 11 16 15 10 4 3 12 6 11 17 12 6 5 10 12 13 12 7 1 0 5 3 12 18 9 11 6 11 9 10 27 22 20 15 20 18 19 25 16 22 13 18 16 17 30 21 23 22 23 21 22 25 16 18 13 22 16 17 27 18 20 15 20 22 19 26 17 19 14 19 17 22 9 4 2 -3 2 0 1 14 13 7 2 7 5 6 16 11 13 4 9 7 8 21 16 14 13 14 12 13 16 11 9 4 13 7 8 18 13 11 6 11 13 10 17 12 10 5 10 8 13 11 2 8 -1 4 2 3 20 15 17 8 13 11 12 14 5 11 2 7 5 6 23 14 20 15 16 14 15 18 9 15 6 15 9 10 20 11 17 8 13 15 12 19 10 16 7 12 10 15 6 -3 -1 -2 -1 -3 -2 15 10 8 7 8 6 7 13 4 10 5 6 4 5 14 5 7 10 7 5 6 13 4 6 5 10 4 5 15 6 8 7 8 10 7 14 5 7 6 7 5 10 11 2 4 -1 8 2 3 20 15 13 8 17 11 12 18 9 15 6 15 9 10 23 14 16 15 20 14 15 14 5 7 2 11 5 6 20 11 13 8 17 15 12 19 10 12 7 16 10 15 9 0 2 -3 2 4 1 18 13 11 6 11 13 10 16 7 13 4 9 11 8 21 12 14 13 14 16 13 16 7 9 4 13 11 8 14 5 7 2 7 13 6 17 8 10 5 10 12 13 10 1 3 -2 3 1 6 19 14 12 7 12 10 15 17 8 14 5 10 8 13 22 13 15 14 15 13 18 17 8 10 5 14 8 13 19 10 12 7 12 14 15 14 5 7 2 7 5 14 19 10 8 11 12 10 11 28 23 17 20 21 19 20 30 21 23 22 23 21 22 27 18 16 23 20 18 19 26 17 15 18 23 17 18 28 19 17 20 21 23 20 27 18 16 19 20 18 23 10 5 -1 2 3 1 2 15 14 4 7 8 6 7 21 16 14 13 14 12 13 18 13 7 14 11 9 10 17 12 6 9 14 8 9 19 14 8 11 12 14 11 18 13 7 10 11 9 14 8 -1 1 0 1 -1 0 17 12 10 9 10 8 9 15 6 12 7 8 6 7 16 7 9 12 9 7 8 15 6 8 7 12 6 7 17 8 10 9 10 12 9 16 7 9 8 9 7 12 11 2 0 7 4 2 3 20 15 9 16 13 11 12 22 13 15 18 15 13 14 15 6 4 11 8 6 7 18 9 7 14 15 9 10 20 11 9 16 13 15 12 19 10 8 15 12 10 15 12 3 1 4 9 3 4 21 16 10 13 18 12 13 23 14 16 15 20 14 15 20 11 9 16 17 11 12 15 6 4 7 12 6 7 21 12 10 13 18 16 13 20 11 9 12 17 11 16 10 1 -1 2 3 5 2 19 14 8 11 12 14 11 21 12 14 13 14 16 13 18 9 7 14 11 13 10 17 8 6 9 14 12 9 15 6 4 7 8 14 7 18 9 7 10 11 13 14 11 2 0 3 4 2 7 20 15 9 12 13 11 16 22 13 15 14 15 13 18 19 10 8 15 12 10 15 18 9 7 10 15 9 14 20 11 9 12 13 15 16 15 6 4 7 8 6 15 14 5 3 2 11 5 6 23 18 12 11 20 14 15 25 16 18 13 22 16 17 26 17 15 18 23 17 18 17 8 6 5 14 8 9 23 14 12 11 20 18 15 22 13 11 10 19 13 18 5 0 -6 -7 2 -4 -3 10 9 -1 -2 7 1 2 16 11 9 4 13 7 8 17 12 6 9 14 8 9 8 3 -3 -4 5 -1 0 14 9 3 2 11 9 6 13 8 2 1 10 4 9 3 -6 -4 -9 0 -6 -5 12 7 5 0 9 3 4 10 1 7 -2 7 1 2 15 6 8 7 12 6 7 6 -3 -1 -6 3 -3 -2 12 3 5 0 9 7 4 11 2 4 -1 8 2 7 2 -7 -9 -6 -1 -7 -6 11 6 0 3 8 2 3 13 4 6 5 10 4 5 10 1 -1 6 7 1 2 5 -4 -6 -3 2 -4 -3 11 2 0 3 8 6 3 10 1 -1 2 7 1 6 11 2 0 -1 8 2 3 20 15 9 8 17 11 12 22 13 15 10 19 13 14 23 14 12 15 20 14 15 14 5 3 2 11 5 6 20 11 9 8 17 15 12 19 10 8 7 16 10 15 5 -4 -6 -7 2 0 -3 14 9 3 2 11 9 6 16 7 9 4 13 11 8 17 8 6 9 14 12 9 8 -1 -3 -4 5 3 0 10 1 -1 -2 7 9 2 13 4 2 1 10 8 9 6 -3 -5 -6 3 -3 2 15 10 4 3 12 6 11 17 8 10 5 14 8 13 18 9 7 10 15 9 14 9 0 -2 -3 6 0 5 15 6 4 3 12 10 11 10 1 -1 -2 7 1 10 16 7 5 4 9 11 8 25 20 14 13 18 20 17 27 18 20 15 20 22 19 28 19 17 20 21 23 20 23 14 12 11 20 18 15 21 12 10 9 14 20 13 24 15 13 12 17 19 20 7 2 -4 -5 0 2 -1 12 11 1 0 5 7 4 18 13 11 6 11 13 10 19 14 8 11 12 14 11 14 9 3 2 11 9 6 12 7 1 0 5 11 4 15 10 4 3 8 10 11 5 -4 -2 -7 -2 0 -3 14 9 7 2 7 9 6 12 3 9 0 5 7 4 17 8 10 9 10 12 9 12 3 5 0 9 7 4 10 1 3 -2 3 9 2 13 4 6 1 6 8 9 4 -5 -7 -4 -3 -1 -4 13 8 2 5 6 8 5 15 6 8 7 8 10 7 12 3 1 8 5 7 4 11 2 0 3 8 6 3 9 0 -2 1 2 8 1 12 3 1 4 5 7 8 9 0 -2 -3 6 4 1 18 13 7 6 15 13 10 20 11 13 8 17 15 12 21 12 10 13 18 16 13 12 3 1 0 9 7 4 14 5 3 2 11 13 6 17 8 6 5 14 12 13 11 2 0 -1 4 10 3 20 15 9 8 13 19 12 22 13 15 10 15 21 14 23 14 12 15 16 22 15 18 9 7 6 15 17 10 12 3 1 0 5 11 4 19 10 8 7 12 18 15 8 -1 -3 -4 1 3 4 17 12 6 5 10 12 13 19 10 12 7 12 14 15 20 11 9 12 13 15 16 15 6 4 3 12 10 11 13 4 2 1 6 12 9 12 3 1 0 5 7 12 15 6 4 3 8 6 11 24 19 13 12 17 15 20 26 17 19 14 19 17 22 27 18 16 19 20 18 23 22 13 11 10 19 13 18 24 15 13 12 17 19 20 19 10 8 7 12 10 19 6 1 -5 -6 -1 -3 2 11 10 0 -1 4 2 7 17 12 10 5 10 8 13 18 13 7 10 11 9 14 13 8 2 1 10 4 9 15 10 4 3 8 10 11 10 5 -1 -2 3 1 10 4 -5 -3 -8 -3 -5 0 13 8 6 1 6 4 9 11 2 8 -1 4 2 7 16 7 9 8 9 7 12 11 2 4 -1 8 2 7 13 4 6 1 6 8 9 8 -1 1 -4 1 -1 8 3 -6 -8 -5 -4 -6 -1 12 7 1 4 5 3 8 14 5 7 6 7 5 10 11 2 0 7 4 2 7 10 1 -1 2 7 1 6 12 3 1 4 5 7 8 7 -2 -4 -1 0 -2 7 8 -1 -3 -4 5 -1 4 17 12 6 5 14 8 13 19 10 12 7 16 10 15 20 11 9 12 17 11 16 11 2 0 -1 8 2 7 17 8 6 5 14 12 13 12 3 1 0 9 3 12 6 -3 -5 -6 -1 1 2 15 10 4 3 8 10 11 17 8 10 5 10 12 13 18 9 7 10 11 13 14 13 4 2 1 10 8 9 11 2 0 -1 4 10 7 10 1 -1 -2 3 5 10 11 2 0 -1 4 2 11 20 15 9 8 13 11 20 22 13 15 10 15 13 22 23 14 12 15 16 14 23 18 9 7 6 15 9 18 20 11 9 8 13 15 20 11 2 0 -1 4 2 11 -2 -7 -13 -14 -9 -11 -10 3 2 -8 -9 -4 -6 -5 9 4 2 -3 2 0 1 10 5 -1 2 3 1 2 5 0 -6 -7 2 -4 -3 7 2 -4 -5 0 2 -1 6 1 -5 -6 -1 -3 2 -7 -8 -18 -19 -14 -16 -15 -6 -7 -17 -18 -13 -15 -14 4 3 -3 -8 -3 -5 -4 5 4 -6 -3 -2 -4 -3 0 -1 -11 -12 -3 -9 -8 2 1 -9 -10 -5 -3 -6 1 0 -10 -11 -6 -8 -3 -13 -18 -20 -1e+08 5 -4 -6 -7 -6 0 -3 14 9 3 2 3 9 6 16 7 9 4 5 11 8 17 8 6 9 6 12 9 16 7 5 4 9 11 8 10 1 -1 -2 -1 9 2 13 4 2 1 2 8 9 -4 -9 -15 -16 -15 -9 -12 1 0 -10 -11 -10 -4 -7 7 2 0 -5 -4 2 -1 8 3 -3 0 -3 3 0 7 2 -4 -5 0 2 -1 1 -4 -10 -11 -10 0 -7 4 -1 -7 -8 -7 -1 0 -6 -15 -13 -18 -17 -11 -14 3 -2 -4 -9 -8 -2 -5 1 -8 -2 -11 -10 -4 -7 6 -3 -1 -2 -5 1 -2 5 -4 -2 -7 -2 0 -3 -1 -10 -8 -13 -12 -2 -9 2 -7 -5 -10 -9 -3 -2 -7 -16 -18 -15 -18 -12 -15 2 -3 -9 -6 -9 -3 -6 4 -5 -3 -4 -7 -1 -4 1 -8 -10 -3 -10 -4 -7 4 -5 -7 -4 -3 -1 -4 -2 -11 -13 -10 -13 -3 -10 1 -8 -10 -7 -10 -4 -3 -6 -15 -17 -18 -13 -11 -14 3 -2 -8 -9 -4 -2 -5 5 -4 -2 -7 -2 0 -3 6 -3 -5 -2 -1 1 -2 1 -8 -10 -11 -2 -4 -7 -1 -10 -12 -13 -8 -2 -9 2 -7 -9 -10 -5 -3 -2 0 -9 -11 -12 -11 -1 -8 9 4 -2 -3 -2 8 1 11 2 4 -1 0 10 3 12 3 1 4 1 11 4 11 2 0 -1 4 10 3 1 -8 -10 -11 -10 0 -7 8 -1 -3 -4 -3 7 4 -3 -12 -14 -15 -14 -8 -7 6 1 -5 -6 -5 1 2 8 -1 1 -4 -3 3 4 9 0 -2 1 -2 4 5 8 -1 -3 -4 1 3 4 2 -7 -9 -10 -9 1 -2 1 -8 -10 -11 -10 -4 1 14 9 3 2 3 9 6 19 18 8 7 8 14 11 25 20 18 13 14 20 17 26 21 15 18 15 21 18 25 20 14 13 18 20 17 19 14 8 7 8 18 11 22 17 11 10 11 17 18 9 8 -2 -3 -2 4 1 10 9 -1 -2 -1 5 2 20 19 13 8 9 15 12 21 20 10 13 10 16 13 20 19 9 8 13 15 12 14 13 3 2 3 13 6 17 16 6 5 6 12 13 3 -2 -4 -9 -8 -2 -5 8 7 1 -4 -3 3 0 10 5 7 -2 -1 5 2 15 10 8 7 4 10 7 14 9 7 2 7 9 6 8 3 1 -4 -3 7 0 11 6 4 -1 0 6 7 2 -3 -9 -6 -9 -3 -6 7 6 -4 -1 -4 2 -1 13 8 6 5 2 8 5 10 5 -1 6 -1 5 2 13 8 2 5 6 8 5 7 2 -4 -1 -4 6 -1 10 5 -1 2 -1 5 6 3 -2 -8 -9 -4 -2 -5 8 7 -3 -4 1 3 0 14 9 7 2 7 9 6 15 10 4 7 8 10 7 10 5 -1 -2 7 5 2 8 3 -3 -4 1 7 0 11 6 0 -1 4 6 7 9 4 -2 -3 -2 8 1 14 13 3 2 3 13 6 20 15 13 8 9 19 12 21 16 10 13 10 20 13 20 15 9 8 13 19 12 10 5 -1 -2 -1 9 2 17 12 6 5 6 16 13 6 1 -5 -6 -5 1 2 11 10 0 -1 0 6 7 17 12 10 5 6 12 13 18 13 7 10 7 13 14 17 12 6 5 10 12 13 11 6 0 -1 0 10 7 10 5 -1 -2 -1 5 10 16 7 9 4 5 11 8 25 20 18 13 14 20 17 23 14 20 11 12 18 15 28 19 21 20 17 23 20 27 18 20 15 20 22 19 21 12 14 9 10 20 13 24 15 17 12 13 19 20 7 2 0 -5 -4 2 -1 12 11 5 0 1 7 4 14 9 11 2 3 9 6 19 14 12 11 8 14 11 18 13 11 6 11 13 10 12 7 5 0 1 11 4 15 10 8 3 4 10 11 9 0 6 -3 -2 4 1 18 13 15 6 7 13 10 12 3 9 0 1 7 4 21 12 18 13 10 16 13 20 11 17 8 13 15 12 14 5 11 2 3 13 6 17 8 14 5 6 12 13 4 -5 -3 -4 -7 -1 -4 13 8 6 5 2 8 5 11 2 8 3 0 6 3 12 3 5 8 1 7 4 15 6 8 7 8 10 7 9 0 2 1 -2 8 1 12 3 5 4 1 7 8 5 -4 -2 -7 -2 0 -3 14 9 7 2 7 9 6 12 3 9 0 5 7 4 17 8 10 9 10 12 9 12 3 5 0 9 7 4 10 1 3 -2 3 9 2 13 4 6 1 6 8 9 11 2 4 -1 0 10 3 20 15 13 8 9 19 12 18 9 15 6 7 17 10 23 14 16 15 12 22 15 22 13 15 10 15 21 14 12 3 5 0 1 11 4 19 10 12 7 8 18 15 8 -1 1 -4 -3 3 4 17 12 10 5 6 12 13 15 6 12 3 4 10 11 20 11 13 12 9 15 16 19 10 12 7 12 14 15 13 4 6 1 2 12 9 12 3 5 0 1 7 12 17 8 6 9 6 12 9 26 21 15 18 15 21 18 28 19 21 20 17 23 20 25 16 14 21 14 20 17 28 19 17 20 21 23 20 22 13 11 14 11 21 14 25 16 14 17 14 20 21 8 3 -3 0 -3 3 0 13 12 2 5 2 8 5 19 14 12 11 8 14 11 16 11 5 12 5 11 8 19 14 8 11 12 14 11 13 8 2 5 2 12 5 16 11 5 8 5 11 12 6 -3 -1 -2 -5 1 -2 15 10 8 7 4 10 7 13 4 10 5 2 8 5 14 5 7 10 3 9 6 17 8 10 9 10 12 9 11 2 4 3 0 10 3 14 5 7 6 3 9 10 9 0 -2 5 -2 4 1 18 13 7 14 7 13 10 20 11 13 16 9 15 12 13 4 2 9 2 8 5 20 11 9 16 13 15 12 14 5 3 10 3 13 6 17 8 6 13 6 12 13 6 -3 -5 -2 -1 1 -2 15 10 4 7 8 10 7 17 8 10 9 10 12 9 14 5 3 10 7 9 6 13 4 2 5 10 8 5 11 2 0 3 4 10 3 14 5 3 6 7 9 10 12 3 1 4 1 11 4 21 16 10 13 10 20 13 23 14 16 15 12 22 15 20 11 9 16 9 19 12 23 14 12 15 16 22 15 13 4 2 5 2 12 5 20 11 9 12 9 19 16 9 0 -2 1 -2 4 5 18 13 7 10 7 13 14 20 11 13 12 9 15 16 17 8 6 13 6 12 13 20 11 9 12 13 15 16 14 5 3 6 3 13 10 13 4 2 5 2 8 13 16 7 5 4 9 11 8 25 20 14 13 18 20 17 27 18 20 15 20 22 19 28 19 17 20 21 23 20 23 14 12 11 20 18 15 21 12 10 9 14 20 13 24 15 13 12 17 19 20 7 2 -4 -5 0 2 -1 12 11 1 0 5 7 4 18 13 11 6 11 13 10 19 14 8 11 12 14 11 14 9 3 2 11 9 6 12 7 1 0 5 11 4 15 10 4 3 8 10 11 5 -4 -2 -7 -2 0 -3 14 9 7 2 7 9 6 12 3 9 0 5 7 4 17 8 10 9 10 12 9 12 3 5 0 9 7 4 10 1 3 -2 3 9 2 13 4 6 1 6 8 9 4 -5 -7 -4 -3 -1 -4 13 8 2 5 6 8 5 15 6 8 7 8 10 7 12 3 1 8 5 7 4 11 2 0 3 8 6 3 9 0 -2 1 2 8 1 12 3 1 4 5 7 8 9 0 -2 -3 6 4 1 18 13 7 6 15 13 10 20 11 13 8 17 15 12 21 12 10 13 18 16 13 12 3 1 0 9 7 4 14 5 3 2 11 13 6 17 8 6 5 14 12 13 11 2 0 -1 4 10 3 20 15 9 8 13 19 12 22 13 15 10 15 21 14 23 14 12 15 16 22 15 18 9 7 6 15 17 10 12 3 1 0 5 11 4 19 10 8 7 12 18 15 8 -1 -3 -4 1 3 4 17 12 6 5 10 12 13 19 10 12 7 12 14 15 20 11 9 12 13 15 16 15 6 4 3 12 10 11 13 4 2 1 6 12 9 12 3 1 0 5 7 12 10 1 -1 -2 -1 9 2 19 14 8 7 8 18 11 21 12 14 9 10 20 13 22 13 11 14 11 21 14 21 12 10 9 14 20 13 11 2 0 -1 0 10 3 18 9 7 6 7 17 14 1 -4 -10 -11 -10 0 -7 6 5 -5 -6 -5 5 -2 12 7 5 0 1 11 4 13 8 2 5 2 12 5 12 7 1 0 5 11 4 2 -3 -9 -10 -9 1 -6 9 4 -2 -3 -2 8 5 -1 -10 -8 -13 -12 -2 -9 8 3 1 -4 -3 7 0 6 -3 3 -6 -5 5 -2 11 2 4 3 0 10 3 10 1 3 -2 3 9 2 0 -9 -7 -12 -11 -1 -8 7 -2 0 -5 -4 6 3 -2 -11 -13 -10 -13 -3 -10 7 2 -4 -1 -4 6 -1 9 0 2 1 -2 8 1 6 -3 -5 2 -5 5 -2 9 0 -2 1 2 8 1 -1 -10 -12 -9 -12 -2 -9 6 -3 -5 -2 -5 5 2 -1 -10 -12 -13 -8 -2 -9 8 3 -3 -4 1 7 0 10 1 3 -2 3 9 2 11 2 0 3 4 10 3 6 -3 -5 -6 3 5 -2 0 -9 -11 -12 -7 -1 -8 7 -2 -4 -5 0 6 3 9 0 -2 -3 -2 8 1 18 13 7 6 7 17 10 20 11 13 8 9 19 12 21 12 10 13 10 20 13 20 11 9 8 13 19 12 10 1 -1 -2 -1 9 2 17 8 6 5 6 16 13 2 -7 -9 -10 -9 1 -2 11 6 0 -1 0 10 7 13 4 6 1 2 12 9 14 5 3 6 3 13 10 13 4 2 1 6 12 9 3 -6 -8 -9 -8 2 -1 6 -3 -5 -6 -5 5 6 13 4 2 1 2 8 9 22 17 11 10 11 17 18 24 15 17 12 13 19 20 25 16 14 17 14 20 21 24 15 13 12 17 19 20 18 9 7 6 7 17 14 17 8 6 5 6 12 17 4 -1 -7 -8 -7 -1 0 9 8 -2 -3 -2 4 5 15 10 8 3 4 10 11 16 11 5 8 5 11 12 15 10 4 3 8 10 11 9 4 -2 -3 -2 8 5 8 3 -3 -4 -3 3 8 2 -7 -5 -10 -9 -3 -2 11 6 4 -1 0 6 7 9 0 6 -3 -2 4 5 14 5 7 6 3 9 10 13 4 6 1 6 8 9 7 -2 0 -5 -4 6 3 6 -3 -1 -6 -5 1 6 1 -8 -10 -7 -10 -4 -3 10 5 -1 2 -1 5 6 12 3 5 4 1 7 8 9 0 -2 5 -2 4 5 12 3 1 4 5 7 8 6 -3 -5 -2 -5 5 2 5 -4 -6 -3 -6 0 5 2 -7 -9 -10 -5 -3 -2 11 6 0 -1 4 6 7 13 4 6 1 6 8 9 14 5 3 6 7 9 10 9 0 -2 -3 6 4 5 7 -2 -4 -5 0 6 3 6 -3 -5 -6 -1 1 6 8 -1 -3 -4 -3 7 4 17 12 6 5 6 16 13 19 10 12 7 8 18 15 20 11 9 12 9 19 16 19 10 8 7 12 18 15 9 0 -2 -3 -2 8 5 12 3 1 0 1 11 12 9 0 -2 -3 -2 4 9 18 13 7 6 7 13 18 20 11 13 8 9 15 20 21 12 10 13 10 16 21 20 11 9 8 13 15 20 14 5 3 2 3 13 14 9 0 -2 -3 -2 4 9 -4 -9 -15 -16 -15 -9 -12 1 0 -10 -11 -10 -4 -7 7 2 0 -5 -4 2 -1 8 3 -3 0 -3 3 0 7 2 -4 -5 0 2 -1 1 -4 -10 -11 -10 0 -7 4 -1 -7 -8 -7 -1 0 -9 -10 -20 -21 -20 -14 -17 -8 -9 -19 -20 -19 -13 -16 2 1 -5 -10 -9 -3 -6 3 2 -8 -5 -8 -2 -5 2 1 -9 -10 -5 -3 -6 -4 -5 -15 -16 -15 -5 -12 -1 -2 -12 -13 -12 -6 -5 -15 -20 -22 -1e+08 4 -5 -7 -8 -7 -5 0 13 8 2 1 2 4 9 15 6 8 3 4 6 11 16 7 5 8 5 7 12 15 6 4 3 8 6 11 13 4 2 1 2 8 9 8 -1 -3 -4 -3 -1 8 -5 -10 -16 -17 -16 -14 -9 0 -1 -11 -12 -11 -9 -4 6 1 -1 -6 -5 -3 2 7 2 -4 -1 -4 -2 3 6 1 -5 -6 -1 -3 2 4 -1 -7 -8 -7 -1 0 -1 -6 -12 -13 -12 -10 -1 -7 -16 -14 -19 -18 -16 -11 2 -3 -5 -10 -9 -7 -2 0 -9 -3 -12 -11 -9 -4 5 -4 -2 -3 -6 -4 1 4 -5 -3 -8 -3 -5 0 2 -7 -5 -10 -9 -3 -2 -3 -12 -10 -15 -14 -12 -3 -8 -17 -19 -16 -19 -17 -12 1 -4 -10 -7 -10 -8 -3 3 -6 -4 -5 -8 -6 -1 0 -9 -11 -4 -11 -9 -4 3 -6 -8 -5 -4 -6 -1 1 -8 -10 -7 -10 -4 -3 -4 -13 -15 -12 -15 -13 -4 -7 -16 -18 -19 -14 -16 -11 2 -3 -9 -10 -5 -7 -2 4 -5 -3 -8 -3 -5 0 5 -4 -6 -3 -2 -4 1 0 -9 -11 -12 -3 -9 -4 2 -7 -9 -10 -5 -3 -2 -3 -12 -14 -15 -10 -12 -3 -5 -14 -16 -17 -16 -10 -9 4 -1 -7 -8 -7 -1 0 6 -3 -1 -6 -5 1 2 7 -2 -4 -1 -4 2 3 6 -3 -5 -6 -1 1 2 0 -9 -11 -12 -11 -1 -4 -1 -10 -12 -13 -12 -6 -1 0 -9 -11 -12 -11 -9 0 9 4 -2 -3 -2 0 9 11 2 4 -1 0 2 11 12 3 1 4 1 3 12 11 2 0 -1 4 2 11 9 0 -2 -3 -2 4 9 0 -9 -11 -12 -11 -9 0 13 8 2 1 2 4 9 18 17 7 6 7 9 14 24 19 17 12 13 15 20 25 20 14 17 14 16 21 24 19 13 12 17 15 20 22 17 11 10 11 17 18 17 12 6 5 6 8 17 8 7 -3 -4 -3 -1 4 9 8 -2 -3 -2 0 5 19 18 12 7 8 10 15 20 19 9 12 9 11 16 19 18 8 7 12 10 15 17 16 6 5 6 12 13 12 11 1 0 1 3 12 2 -3 -5 -10 -9 -7 -2 7 6 0 -5 -4 -2 3 9 4 6 -3 -2 0 5 14 9 7 6 3 5 10 13 8 6 1 6 4 9 11 6 4 -1 0 6 7 6 1 -1 -6 -5 -3 6 1 -4 -10 -7 -10 -8 -3 6 5 -5 -2 -5 -3 2 12 7 5 4 1 3 8 9 4 -2 5 -2 0 5 12 7 1 4 5 3 8 10 5 -1 2 -1 5 6 5 0 -6 -3 -6 -4 5 2 -3 -9 -10 -5 -7 -2 7 6 -4 -5 0 -2 3 13 8 6 1 6 4 9 14 9 3 6 7 5 10 9 4 -2 -3 6 0 5 11 6 0 -1 4 6 7 6 1 -5 -6 -1 -3 6 4 -1 -7 -8 -7 -1 0 9 8 -2 -3 -2 4 5 15 10 8 3 4 10 11 16 11 5 8 5 11 12 15 10 4 3 8 10 11 9 4 -2 -3 -2 8 5 8 3 -3 -4 -3 3 8 9 4 -2 -3 -2 0 9 14 13 3 2 3 5 14 20 15 13 8 9 11 20 21 16 10 13 10 12 21 20 15 9 8 13 11 20 18 13 7 6 7 13 18 9 4 -2 -3 -2 0 9 15 6 8 3 4 6 11 24 19 17 12 13 15 20 22 13 19 10 11 13 18 27 18 20 19 16 18 23 26 17 19 14 19 17 22 24 15 17 12 13 19 20 19 10 12 7 8 10 19 6 1 -1 -6 -5 -3 2 11 10 4 -1 0 2 7 13 8 10 1 2 4 9 18 13 11 10 7 9 14 17 12 10 5 10 8 13 15 10 8 3 4 10 11 10 5 3 -2 -1 1 10 8 -1 5 -4 -3 -1 4 17 12 14 5 6 8 13 11 2 8 -1 0 2 7 20 11 17 12 9 11 16 19 10 16 7 12 10 15 17 8 14 5 6 12 13 12 3 9 0 1 3 12 3 -6 -4 -5 -8 -6 -1 12 7 5 4 1 3 8 10 1 7 2 -1 1 6 11 2 4 7 0 2 7 14 5 7 6 7 5 10 12 3 5 4 1 7 8 7 -2 0 -1 -4 -2 7 4 -5 -3 -8 -3 -5 0 13 8 6 1 6 4 9 11 2 8 -1 4 2 7 16 7 9 8 9 7 12 11 2 4 -1 8 2 7 13 4 6 1 6 8 9 8 -1 1 -4 1 -1 8 6 -3 -1 -6 -5 1 2 15 10 8 3 4 10 11 13 4 10 1 2 8 9 18 9 11 10 7 13 14 17 8 10 5 10 12 13 11 2 4 -1 0 10 7 10 1 3 -2 -1 5 10 11 2 4 -1 0 2 11 20 15 13 8 9 11 20 18 9 15 6 7 9 18 23 14 16 15 12 14 23 22 13 15 10 15 13 22 20 11 13 8 9 15 20 11 2 4 -1 0 2 11 16 7 5 8 5 7 12 25 20 14 17 14 16 21 27 18 20 19 16 18 23 24 15 13 20 13 15 20 27 18 16 19 20 18 23 25 16 14 17 14 20 21 20 11 9 12 9 11 20 7 2 -4 -1 -4 -2 3 12 11 1 4 1 3 8 18 13 11 10 7 9 14 15 10 4 11 4 6 11 18 13 7 10 11 9 14 16 11 5 8 5 11 12 11 6 0 3 0 2 11 5 -4 -2 -3 -6 -4 1 14 9 7 6 3 5 10 12 3 9 4 1 3 8 13 4 6 9 2 4 9 16 7 9 8 9 7 12 14 5 7 6 3 9 10 9 0 2 1 -2 0 9 8 -1 -3 4 -3 -1 4 17 12 6 13 6 8 13 19 10 12 15 8 10 15 12 3 1 8 1 3 8 19 10 8 15 12 10 15 17 8 6 13 6 12 13 12 3 1 8 1 3 12 5 -4 -6 -3 -2 -4 1 14 9 3 6 7 5 10 16 7 9 8 9 7 12 13 4 2 9 6 4 9 12 3 1 4 9 3 8 14 5 3 6 7 9 10 9 0 -2 1 2 0 9 7 -2 -4 -1 -4 2 3 16 11 5 8 5 11 12 18 9 11 10 7 13 14 15 6 4 11 4 10 11 18 9 7 10 11 13 14 12 3 1 4 1 11 8 11 2 0 3 0 6 11 12 3 1 4 1 3 12 21 16 10 13 10 12 21 23 14 16 15 12 14 23 20 11 9 16 9 11 20 23 14 12 15 16 14 23 21 12 10 13 10 16 21 12 3 1 4 1 3 12 15 6 4 3 8 6 11 24 19 13 12 17 15 20 26 17 19 14 19 17 22 27 18 16 19 20 18 23 22 13 11 10 19 13 18 24 15 13 12 17 19 20 19 10 8 7 12 10 19 6 1 -5 -6 -1 -3 2 11 10 0 -1 4 2 7 17 12 10 5 10 8 13 18 13 7 10 11 9 14 13 8 2 1 10 4 9 15 10 4 3 8 10 11 10 5 -1 -2 3 1 10 4 -5 -3 -8 -3 -5 0 13 8 6 1 6 4 9 11 2 8 -1 4 2 7 16 7 9 8 9 7 12 11 2 4 -1 8 2 7 13 4 6 1 6 8 9 8 -1 1 -4 1 -1 8 3 -6 -8 -5 -4 -6 -1 12 7 1 4 5 3 8 14 5 7 6 7 5 10 11 2 0 7 4 2 7 10 1 -1 2 7 1 6 12 3 1 4 5 7 8 7 -2 -4 -1 0 -2 7 8 -1 -3 -4 5 -1 4 17 12 6 5 14 8 13 19 10 12 7 16 10 15 20 11 9 12 17 11 16 11 2 0 -1 8 2 7 17 8 6 5 14 12 13 12 3 1 0 9 3 12 6 -3 -5 -6 -1 1 2 15 10 4 3 8 10 11 17 8 10 5 10 12 13 18 9 7 10 11 13 14 13 4 2 1 10 8 9 11 2 0 -1 4 10 7 10 1 -1 -2 3 5 10 11 2 0 -1 4 2 11 20 15 9 8 13 11 20 22 13 15 10 15 13 22 23 14 12 15 16 14 23 18 9 7 6 15 9 18 20 11 9 8 13 15 20 11 2 0 -1 4 2 11 13 4 2 1 2 8 9 22 17 11 10 11 17 18 24 15 17 12 13 19 20 25 16 14 17 14 20 21 24 15 13 12 17 19 20 18 9 7 6 7 17 14 17 8 6 5 6 12 17 4 -1 -7 -8 -7 -1 0 9 8 -2 -3 -2 4 5 15 10 8 3 4 10 11 16 11 5 8 5 11 12 15 10 4 3 8 10 11 9 4 -2 -3 -2 8 5 8 3 -3 -4 -3 3 8 2 -7 -5 -10 -9 -3 -2 11 6 4 -1 0 6 7 9 0 6 -3 -2 4 5 14 5 7 6 3 9 10 13 4 6 1 6 8 9 7 -2 0 -5 -4 6 3 6 -3 -1 -6 -5 1 6 1 -8 -10 -7 -10 -4 -3 10 5 -1 2 -1 5 6 12 3 5 4 1 7 8 9 0 -2 5 -2 4 5 12 3 1 4 5 7 8 6 -3 -5 -2 -5 5 2 5 -4 -6 -3 -6 0 5 2 -7 -9 -10 -5 -3 -2 11 6 0 -1 4 6 7 13 4 6 1 6 8 9 14 5 3 6 7 9 10 9 0 -2 -3 6 4 5 7 -2 -4 -5 0 6 3 6 -3 -5 -6 -1 1 6 8 -1 -3 -4 -3 7 4 17 12 6 5 6 16 13 19 10 12 7 8 18 15 20 11 9 12 9 19 16 19 10 8 7 12 18 15 9 0 -2 -3 -2 8 5 12 3 1 0 1 11 12 9 0 -2 -3 -2 4 9 18 13 7 6 7 13 18 20 11 13 8 9 15 20 21 12 10 13 10 16 21 20 11 9 8 13 15 20 14 5 3 2 3 13 14 9 0 -2 -3 -2 4 9 8 -1 -3 -4 -3 -1 8 17 12 6 5 6 8 17 19 10 12 7 8 10 19 20 11 9 12 9 11 20 19 10 8 7 12 10 19 17 8 6 5 6 12 17 8 -1 -3 -4 -3 -1 8 -1 -6 -12 -13 -12 -10 -1 4 3 -7 -8 -7 -5 4 10 5 3 -2 -1 1 10 11 6 0 3 0 2 11 10 5 -1 -2 3 1 10 8 3 -3 -4 -3 3 8 -1 -6 -12 -13 -12 -10 -1 -3 -12 -10 -15 -14 -12 -3 6 1 -1 -6 -5 -3 6 4 -5 1 -8 -7 -5 4 9 0 2 1 -2 0 9 8 -1 1 -4 1 -1 8 6 -3 -1 -6 -5 1 6 -3 -12 -10 -15 -14 -12 -3 -4 -13 -15 -12 -15 -13 -4 5 0 -6 -3 -6 -4 5 7 -2 0 -1 -4 -2 7 4 -5 -7 0 -7 -5 4 7 -2 -4 -1 0 -2 7 5 -4 -6 -3 -6 0 5 -4 -13 -15 -12 -15 -13 -4 -3 -12 -14 -15 -10 -12 -3 6 1 -5 -6 -1 -3 6 8 -1 1 -4 1 -1 8 9 0 -2 1 2 0 9 4 -5 -7 -8 1 -5 4 6 -3 -5 -6 -1 1 6 -3 -12 -14 -15 -10 -12 -3 -1 -10 -12 -13 -12 -6 -1 8 3 -3 -4 -3 3 8 10 1 3 -2 -1 5 10 11 2 0 3 0 6 11 10 1 -1 -2 3 5 10 4 -5 -7 -8 -7 3 4 -1 -10 -12 -13 -12 -6 -1 8 -1 -3 -4 -3 -1 8 17 12 6 5 6 8 17 19 10 12 7 8 10 19 20 11 9 12 9 11 20 19 10 8 7 12 10 19 17 8 6 5 6 12 17 8 -1 -3 -4 -3 -1 8 -5 -10 -16 -17 -16 -14 -9 0 -1 -11 -12 -11 -9 -4 6 1 -1 -6 -5 -3 2 7 2 -4 -1 -4 -2 3 6 1 -5 -6 -1 -3 2 4 -1 -7 -8 -7 -1 0 -1 -6 -12 -13 -12 -10 -1 -10 -11 -21 -22 -21 -19 -14 -9 -10 -20 -21 -20 -18 -13 1 0 -6 -11 -10 -8 -3 2 1 -9 -6 -9 -7 -2 1 0 -10 -11 -6 -8 -3 -1 -2 -12 -13 -12 -6 -5 -6 -7 -17 -18 -17 -15 -6 -16 -21 -23 -1e+08
